epoch,dice_ET,dice_NETC,dice_RC,dice_SNFH,dice_bg,dice_coef,dice_tumor_core,dice_whole_tumor,learning_rate,loss,val_dice_ET,val_dice_NETC,val_dice_RC,val_dice_SNFH,val_dice_bg,val_dice_coef,val_dice_tumor_core,val_dice_whole_tumor,val_loss
0,0.004218222573399544,0.4891449511051178,0.28480616211891174,0.21991074085235596,0.9689467549324036,0.2511810064315796,0.41310644149780273,0.40506115555763245,0.0010000000474974513,0.9076012372970581,0.025556370615959167,0.7049834728240967,0.6427358984947205,0.6810765266418457,0.9913297295570374,0.35399433970451355,0.7068237662315369,0.7299877405166626,0.7140190601348877
1,0.06906235218048096,0.6832253336906433,0.6058134436607361,0.6888862252235413,0.9911258816719055,0.3451076149940491,0.6865697503089905,0.7179397344589233,0.0010000000474974513,0.7275894284248352,0.10455568879842758,0.7039856314659119,0.6589303612709045,0.7382772564888,0.993012547492981,0.3723578453063965,0.7048323750495911,0.7403379082679749,0.6929447054862976
2,0.10678320378065109,0.7218846678733826,0.6461092233657837,0.7262794375419617,0.9926660060882568,0.3744484484195709,0.7267405986785889,0.7570300102233887,0.0010000000474974513,0.6901612877845764,0.08538053929805756,0.7059372067451477,0.7057622075080872,0.7126652002334595,0.9922657012939453,0.3905153274536133,0.7090505361557007,0.7310131192207336,0.6790609955787659
3,0.13742804527282715,0.7209779620170593,0.6796887516975403,0.7278863191604614,0.9923927187919617,0.38903939723968506,0.726330578327179,0.7542333006858826,0.0010000000474974513,0.6777152419090271,0.034045420587062836,0.7598894238471985,0.7209781408309937,0.7598755359649658,0.994037926197052,0.437951922416687,0.7597236037254333,0.7798913717269897,0.6241445541381836
4,0.00022772065130993724,0.7443133592605591,0.6805577874183655,0.6677716970443726,0.9925544857978821,0.5298683047294617,0.7458328604698181,0.7639057636260986,0.0010000000474974513,0.5575703382492065,9.129078534897417e-06,0.7175514101982117,0.7327672243118286,0.7500357627868652,0.9931597113609314,0.5553193688392639,0.7142009735107422,0.7404059767723083,0.5100157856941223
5,7.223505235742778e-06,0.7369086742401123,0.6552922129631042,0.7129780650138855,0.9930486083030701,0.5341618061065674,0.7385908961296082,0.7644045948982239,0.0010000000474974513,0.5478726029396057,6.165197191876359e-06,0.7340648174285889,0.6598471403121948,0.5015416741371155,0.9921385049819946,0.5245744585990906,0.735011875629425,0.7418054342269897,0.569345235824585
6,4.827551038033562e-06,0.7528342604637146,0.6796243786811829,0.7051007747650146,0.9934300184249878,0.5616320371627808,0.7537233233451843,0.7731953263282776,0.0010000000474974513,0.5151785016059875,9.3211338025867e-06,0.727674663066864,0.706215500831604,0.7560737729072571,0.9939785599708557,0.5603522658348083,0.7293156981468201,0.7585673332214355,0.5186988115310669
7,6.232186478882795e-06,0.7654602527618408,0.6823613047599792,0.7246696352958679,0.9934378266334534,0.5613482594490051,0.7676194906234741,0.7914198040962219,0.0010000000474974513,0.512672483921051,7.628430921613472e-06,0.7826998829841614,0.7324514389038086,0.7899676561355591,0.9944340586662292,0.6060435771942139,0.7836577296257019,0.8052695393562317,0.45367899537086487
8,5.105114723846782e-06,0.763765275478363,0.7028639316558838,0.7486628890037537,0.9936746954917908,0.578433632850647,0.7656817436218262,0.7918790578842163,0.0010000000474974513,0.4908920228481293,8.37623611005256e-06,0.7882911562919617,0.7806447148323059,0.7423511743545532,0.9950358271598816,0.6285147070884705,0.7909754514694214,0.8106735944747925,0.4279537498950958
9,9.372947715746704e-06,0.7692877054214478,0.6811484098434448,0.7484816312789917,0.9937729835510254,0.5729224681854248,0.7694573998451233,0.7950494885444641,0.0010000000474974513,0.49796873331069946,6.9113953031774145e-06,0.7921876907348633,0.7309050559997559,0.7850314974784851,0.994970977306366,0.5734603404998779,0.7885605692863464,0.8129065632820129,0.48969370126724243
10,1.4231588465918321e-05,0.7690929174423218,0.6843624711036682,0.6350646615028381,0.9937843680381775,0.5458885431289673,0.7690721154212952,0.7807957530021667,0.0010000000474974513,0.5305152535438538,6.928206403244985e-06,0.7539674639701843,0.677876889705658,0.0016631397884339094,0.9929172396659851,0.4750613868236542,0.7570448517799377,0.7467632293701172,0.624970555305481
11,1.334672106168e-05,0.7728566527366638,0.6921994090080261,0.6945996284484863,0.9932993054389954,0.5588737726211548,0.7747984528541565,0.795020341873169,0.0010000000474974513,0.5170947909355164,8.296323358081281e-06,0.7674526572227478,0.7466491460800171,0.7771959900856018,0.9947401881217957,0.5896398425102234,0.7688179612159729,0.7929661870002747,0.47954753041267395
12,6.727020263497252e-06,0.7836222648620605,0.7135235667228699,0.7753190398216248,0.9942126274108887,0.5877748131752014,0.7832022905349731,0.8114759922027588,0.0010000000474974513,0.4773518443107605,2.2027184968465008e-05,0.7795494198799133,0.7608650922775269,0.706066906452179,0.9950002431869507,0.616477906703949,0.7785845994949341,0.7948512434959412,0.4409016966819763
13,5.6104117902577855e-06,0.7780470252037048,0.6910971403121948,0.7182980179786682,0.9939242601394653,0.5757590532302856,0.779205322265625,0.7987467646598816,0.0010000000474974513,0.4942449927330017,6.259196197788697e-06,0.7910365462303162,0.7551730871200562,0.7571566700935364,0.9945677518844604,0.6003251075744629,0.7875522971153259,0.8088696002960205,0.4660923480987549
14,1.047047771862708e-05,0.7952945232391357,0.7283948063850403,0.7542896866798401,0.9945328831672668,0.5900013446807861,0.7955821752548218,0.8185395002365112,0.0010000000474974513,0.4714428782463074,9.02237297850661e-06,0.7716360688209534,0.7514824271202087,0.7649155259132385,0.9934965968132019,0.6021804213523865,0.7727900147438049,0.7921800017356873,0.46901530027389526
15,1.2480766599765047e-05,0.7923485040664673,0.714099109172821,0.7540362477302551,0.9941769242286682,0.5950495600700378,0.7923133969306946,0.8155000805854797,0.0010000000474974513,0.4739605188369751,1.7970694898394868e-05,0.755966067314148,0.7281811833381653,0.7806441783905029,0.9951954483985901,0.569827139377594,0.7467567324638367,0.7877140641212463,0.4934099614620209
16,8.652352335047908e-06,0.7951446175575256,0.7274411916732788,0.7704584002494812,0.9944787621498108,0.6057869791984558,0.7953738570213318,0.8195174336433411,0.0010000000474974513,0.4578251540660858,1.1521337000885978e-05,0.7707043290138245,0.7855521440505981,0.6549142599105835,0.9949170351028442,0.569108784198761,0.7689887285232544,0.7762774229049683,0.5091887712478638
17,7.877915049903095e-05,0.8064354062080383,0.7416773438453674,0.7591344714164734,0.9947629570960999,0.5989798307418823,0.8073628544807434,0.8279669880867004,0.0010000000474974513,0.45971521735191345,6.276005478866864e-06,0.6985402703285217,0.7335037589073181,0.6900996565818787,0.9934869408607483,0.5470322370529175,0.7040714025497437,0.7255906462669373,0.5623314380645752
18,3.9871924855106045e-06,0.7773127555847168,0.74129718542099,0.7469119429588318,0.9942293167114258,0.5981985330581665,0.7790350914001465,0.8034361600875854,0.0010000000474974513,0.4697558283805847,1.7614940588828176e-05,0.8093975782394409,0.7913258671760559,0.7928881049156189,0.995707631111145,0.6096808314323425,0.8042945861816406,0.8297189474105835,0.4472874104976654
19,2.460942414472811e-05,0.8072187304496765,0.7200413346290588,0.7762993574142456,0.9946750998497009,0.598965585231781,0.8064583539962769,0.8279200196266174,0.0010000000474974513,0.4656759202480316,1.7360744095640257e-05,0.8267252445220947,0.7737003564834595,0.810153603553772,0.9954938888549805,0.6365612745285034,0.826768159866333,0.8431868553161621,0.4187755882740021
20,1.195017739519244e-05,0.8064695000648499,0.7496324181556702,0.780112087726593,0.9949043393135071,0.6210899949073792,0.8053359389305115,0.8266386985778809,0.0010000000474974513,0.4374638795852661,7.916692993603647e-06,0.8127363324165344,0.7814047336578369,0.8194652199745178,0.9953861236572266,0.6165596842765808,0.8135079741477966,0.8345449566841125,0.4417083263397217
21,2.1092972019687295e-05,0.8157251477241516,0.7535938024520874,0.7759925127029419,0.995147705078125,0.6200741529464722,0.8174532055854797,0.8401509523391724,0.0010000000474974513,0.4392232894897461,6.422029855457367e-06,0.7623591423034668,0.6972167491912842,0.46222081780433655,0.9938822388648987,0.5681220293045044,0.7680601477622986,0.7786146998405457,0.5420690774917603
22,1.2402115316945128e-05,0.8058582544326782,0.7455431818962097,0.7538001537322998,0.994768500328064,0.6063523292541504,0.807826042175293,0.8272226452827454,0.0010000000474974513,0.4564935863018036,1.066624008672079e-05,0.8178219199180603,0.7912843823432922,0.7164478898048401,0.9960262775421143,0.6277798414230347,0.8151065111160278,0.8278939723968506,0.4257271885871887
23,1.5027405424916651e-05,0.8149827122688293,0.7540992498397827,0.7919703125953674,0.9950689077377319,0.6210649013519287,0.813303530216217,0.8378670811653137,0.0010000000474974513,0.44015759229660034,6.890811164339539e-06,0.8195624947547913,0.792067289352417,0.8118771910667419,0.9954175353050232,0.5974046587944031,0.8210054039955139,0.8476024866104126,0.4687228202819824
24,2.8518294129753485e-05,0.8172351717948914,0.7707079648971558,0.7829061150550842,0.9953828454017639,0.6294940710067749,0.8155702948570251,0.838219940662384,0.0010000000474974513,0.428068071603775,2.6081303076352924e-05,0.8130180239677429,0.7497313022613525,0.7745177149772644,0.9953956007957458,0.6162893176078796,0.8135702610015869,0.8303418755531311,0.448554664850235
25,5.0872644351329654e-05,0.8236708641052246,0.7676931619644165,0.789746105670929,0.9953340888023376,0.6237718462944031,0.8246959447860718,0.8450466990470886,0.0010000000474974513,0.429245263338089,1.1008642104570754e-05,0.8399213552474976,0.7965729832649231,0.7909074425697327,0.9960720539093018,0.6501832008361816,0.8369150161743164,0.8525460958480835,0.4058178961277008
26,1.180345680040773e-05,0.7907220721244812,0.7490933537483215,0.7713128328323364,0.994487464427948,0.6001673340797424,0.792106568813324,0.8153681755065918,0.0010000000474974513,0.4651378095149994,1.3140543160261586e-05,0.8154785633087158,0.7981318831443787,0.8298723697662354,0.9955377578735352,0.6298052072525024,0.8152561187744141,0.8373522758483887,0.4228699803352356
27,1.8914457541541196e-05,0.7907582521438599,0.7485020756721497,0.7853973507881165,0.9948254823684692,0.6162319779396057,0.7906777262687683,0.8149998188018799,0.0010000000474974513,0.4403597414493561,6.992177532083588e-06,0.7826367020606995,0.767001211643219,0.6262956857681274,0.9951345324516296,0.5950026512145996,0.7876591682434082,0.8020089864730835,0.4886086583137512
28,2.040549043158535e-05,0.8062040209770203,0.7626380920410156,0.7930309176445007,0.995111346244812,0.6185247302055359,0.8081796765327454,0.8327110409736633,0.0010000000474974513,0.43872740864753723,8.485540092806332e-06,0.8118140697479248,0.7816919088363647,0.8195388913154602,0.996024489402771,0.6227182149887085,0.809216320514679,0.835963785648346,0.4290248155593872
29,1.020892432279652e-05,0.8018738627433777,0.7611223459243774,0.7762801051139832,0.9946697950363159,0.6149765849113464,0.8012841939926147,0.8238773941993713,0.0010000000474974513,0.4508567750453949,1.241358677361859e-05,0.798180878162384,0.7818168997764587,0.7904309034347534,0.9949739575386047,0.6104384660720825,0.7955132126808167,0.8130514025688171,0.4516596496105194
30,4.090572110726498e-05,0.8083035349845886,0.7622705698013306,0.7921783924102783,0.9949023127555847,0.6171018481254578,0.807445228099823,0.8324641585350037,0.0010000000474974513,0.4423251152038574,6.397415745595936e-06,0.8136425614356995,0.7997812628746033,0.7808001637458801,0.9956939220428467,0.6137497425079346,0.8085741400718689,0.8293507099151611,0.4538384974002838
31,4.5024607970844954e-05,0.8208826184272766,0.7648524045944214,0.7984533905982971,0.9954730272293091,0.6377748250961304,0.8211202621459961,0.841427206993103,0.0010000000474974513,0.41520455479621887,1.9768820493482053e-05,0.830531895160675,0.8134762644767761,0.8118302822113037,0.9961426854133606,0.6634650826454163,0.8318887948989868,0.8491945862770081,0.3861444890499115
32,1.9065824744757265e-05,0.8256557583808899,0.7741630673408508,0.8038827180862427,0.9955275058746338,0.6277886033058167,0.8252577781677246,0.8492363691329956,0.0010000000474974513,0.4249401390552521,1.0488168300071266e-05,0.8174410462379456,0.7930119633674622,0.8159086108207703,0.9962220191955566,0.6298737525939941,0.8149351477622986,0.8341630697250366,0.42403721809387207
33,1.4771005226066336e-05,0.8300076127052307,0.7706235647201538,0.7974826097488403,0.9954947829246521,0.6505014896392822,0.8293530941009521,0.8488727807998657,0.0010000000474974513,0.40243709087371826,7.0249257078103255e-06,0.8304734826087952,0.8107583522796631,0.8213279247283936,0.9960576891899109,0.6345203518867493,0.8274168968200684,0.852093517780304,0.4237300157546997
34,8.420499398198444e-06,0.8161296844482422,0.7750216126441956,0.7918086051940918,0.9954755902290344,0.6329566240310669,0.817426323890686,0.838914155960083,0.0010000000474974513,0.42251056432724,1.1266852197877597e-05,0.8301631808280945,0.8038359880447388,0.8151476383209229,0.9960954785346985,0.6568059921264648,0.8307823538780212,0.8529136776924133,0.3990522027015686
35,6.224997196113691e-05,0.8326627612113953,0.7705523371696472,0.8097655773162842,0.9954590797424316,0.6380403637886047,0.8328884243965149,0.8522563576698303,0.0010000000474974513,0.4146031439304352,9.700647751742508e-06,0.7919163703918457,0.7513976097106934,0.5825156569480896,0.994799017906189,0.5405851602554321,0.7938655018806458,0.8002641797065735,0.5407572984695435
36,1.8568343875813298e-05,0.8139412999153137,0.7603739500045776,0.7776627540588379,0.9953058958053589,0.6157837510108948,0.814533531665802,0.8356539607048035,0.0010000000474974513,0.4399830996990204,1.0088239832839463e-05,0.8132309317588806,0.7815855741500854,0.8210892677307129,0.9953787922859192,0.6225051283836365,0.8095026612281799,0.8306574821472168,0.4339207112789154
37,6.926867354195565e-05,0.8304497599601746,0.7681977152824402,0.8124439716339111,0.9953939318656921,0.634109616279602,0.8297660946846008,0.8502641320228577,0.0010000000474974513,0.42088747024536133,0.00010123648098669946,0.8236808776855469,0.7889395356178284,0.8100234270095825,0.9960125684738159,0.6405914425849915,0.8218562006950378,0.8419776558876038,0.4105875492095947
38,0.00012883338786195964,0.8407230973243713,0.7752130031585693,0.8070181608200073,0.9957997798919678,0.6492507457733154,0.8395105600357056,0.857647180557251,0.0010000000474974513,0.40108534693717957,8.588762284489349e-06,0.8130502104759216,0.7799253463745117,0.7939798831939697,0.995328962802887,0.6242872476577759,0.811482310295105,0.8302023410797119,0.4308832585811615
39,1.4638952052337117e-05,0.8184890151023865,0.7929401397705078,0.793967068195343,0.9954507946968079,0.6424269080162048,0.8200234174728394,0.839411735534668,0.0010000000474974513,0.4135112166404724,1.3909062545280904e-05,0.8244129419326782,0.8038098812103271,0.8318538069725037,0.9960504770278931,0.6670553684234619,0.8208039999008179,0.8408172130584717,0.37979656457901
40,2.2094358428148553e-05,0.7965750694274902,0.7537926435470581,0.7757216691970825,0.9944005608558655,0.6071386337280273,0.7976081967353821,0.8191827535629272,0.0010000000474974513,0.4545619487762451,8.64636695041554e-06,0.7541592121124268,0.80850750207901,0.6970895528793335,0.9946288466453552,0.5566899180412292,0.7545346021652222,0.7823643088340759,0.5167328119277954
41,8.829347279970534e-06,0.7883973121643066,0.775957465171814,0.7602588534355164,0.9948740601539612,0.6077974438667297,0.7913265228271484,0.8157519102096558,0.0010000000474974513,0.4551661014556885,5.406782292993739e-05,0.8208579421043396,0.7883471250534058,0.8034335970878601,0.9959269165992737,0.6377003788948059,0.8185238838195801,0.8393703103065491,0.41802141070365906
42,6.421587022487074e-05,0.8071253299713135,0.7932944297790527,0.7995429039001465,0.9952484369277954,0.6339849233627319,0.8080410361289978,0.8321269154548645,0.0010000000474974513,0.4208168387413025,2.132950976374559e-05,0.803143322467804,0.803778886795044,0.7763437628746033,0.9956932067871094,0.6235905289649963,0.8046324849128723,0.8231982588768005,0.4318172037601471
43,4.065275425091386e-05,0.8154728412628174,0.7692979574203491,0.7956652045249939,0.9952499270439148,0.6300771236419678,0.8159056305885315,0.8365833163261414,0.0010000000474974513,0.4267515242099762,6.672684321529232e-06,0.8141925930976868,0.8046663403511047,0.8241129517555237,0.9952267408370972,0.649913489818573,0.8109042048454285,0.8309248089790344,0.40710902214050293
44,6.654080061707646e-05,0.8316465020179749,0.7815308570861816,0.8127425312995911,0.9955743551254272,0.6453298330307007,0.8332009315490723,0.8516964316368103,0.0010000000474974513,0.4044771194458008,1.1124771845061332e-05,0.8220111131668091,0.8131753206253052,0.8040909171104431,0.9960029125213623,0.6325997710227966,0.8199841380119324,0.8431417346000671,0.41756704449653625
45,1.93600935745053e-05,0.8089300394058228,0.7898004651069641,0.7965583801269531,0.99527508020401,0.6441043615341187,0.8083710074424744,0.8307127356529236,0.0005000000237487257,0.4112096428871155,1.2088496987416875e-05,0.8123982548713684,0.7369307279586792,0.8244023323059082,0.9956371784210205,0.637641429901123,0.8074465990066528,0.8286098837852478,0.4355853199958801
46,6.539434980368242e-05,0.8346987366676331,0.7930024266242981,0.8323819637298584,0.9958455562591553,0.6558927297592163,0.8349423408508301,0.8566750288009644,0.0005000000237487257,0.3926035165786743,3.0160581445670687e-05,0.826219916343689,0.8191688060760498,0.849597156047821,0.9961202144622803,0.6536725759506226,0.8232915997505188,0.8500283360481262,0.3937886953353882
47,0.00012159439938841388,0.8338241577148438,0.7969598174095154,0.8188394904136658,0.9957720637321472,0.6512405872344971,0.8339371681213379,0.8539987206459045,0.0005000000237487257,0.39772501587867737,0.00010281478171236813,0.8323257565498352,0.8186247944831848,0.8238800168037415,0.9961580038070679,0.6641877293586731,0.8303791880607605,0.8453664779663086,0.385985404253006
48,0.00013323013263288885,0.8408559560775757,0.8020343780517578,0.8207114338874817,0.9960169792175293,0.6596353054046631,0.840482234954834,0.8586541414260864,0.0005000000237487257,0.3851805627346039,6.405228486983106e-05,0.826744019985199,0.8317075371742249,0.8360923528671265,0.9958606362342834,0.6616039872169495,0.8270937204360962,0.8487942814826965,0.38915491104125977
49,0.0003495457349345088,0.8387536406517029,0.8138543963432312,0.8296274542808533,0.9957703351974487,0.6728578209877014,0.8371959924697876,0.8585047125816345,0.0005000000237487257,0.3748643696308136,6.812872743466869e-05,0.8450493812561035,0.8177837133407593,0.8301239013671875,0.9965482354164124,0.6529803276062012,0.8443276882171631,0.8632800579071045,0.3908553421497345
