epoch,train_loss,train_dice_wt,train_dice_tc,train_dice_ET,train_dice_NETC,train_dice_SNFH,train_dice_RC,val_loss,val_dice_wt,val_dice_tc,val_dice_ET,val_dice_NETC,val_dice_SNFH,val_dice_RC,lr
1,2.1227,0.0973,0.0888,0.0026,0.1191,0.0127,0.0066,1.6242,0.1032,0.0985,0.0015,0.1409,0.011,0.0102,0.001
2,1.4739,0.1549,0.1396,0.0042,0.1737,0.0265,0.0121,1.3554,0.1609,0.141,0.0034,0.1703,0.0293,0.0218,0.001
3,1.3035,0.2301,0.2048,0.0085,0.232,0.0472,0.0269,1.1955,0.2393,0.2079,0.0079,0.2286,0.0607,0.0497,0.001
4,1.2175,0.3045,0.2751,0.0125,0.3008,0.0703,0.0433,1.1457,0.3368,0.2981,0.0117,0.3136,0.0751,0.0772,0.001
5,1.1696,0.3478,0.3159,0.0157,0.3316,0.0845,0.0569,1.1182,0.3536,0.3104,0.0126,0.3256,0.0749,0.094,0.001
6,1.1296,0.3935,0.3597,0.0179,0.374,0.0978,0.0755,1.1914,0.3077,0.2564,0.0178,0.2632,0.0931,0.0831,0.001
7,1.1099,0.4189,0.3818,0.0219,0.3916,0.111,0.0798,1.1575,0.3607,0.3175,0.016,0.3221,0.086,0.1233,0.001
8,1.0859,0.4477,0.4095,0.0223,0.418,0.1181,0.0967,1.1287,0.3925,0.3397,0.0217,0.3381,0.1127,0.0995,0.001
9,1.0768,0.4558,0.4139,0.0237,0.4197,0.1302,0.1064,1.3516,0.2913,0.228,0.0238,0.2159,0.1178,0.1529,0.001
10,1.0509,0.4842,0.441,0.0264,0.4456,0.1405,0.1231,1.174,0.3487,0.2798,0.0248,0.2683,0.1163,0.1071,0.001
11,1.0351,0.4919,0.4481,0.0279,0.4541,0.1541,0.1295,1.2093,0.3518,0.3114,0.0248,0.3094,0.1035,0.1076,0.001
12,1.0227,0.5058,0.4599,0.0299,0.4651,0.1611,0.1391,1.1085,0.4352,0.3782,0.028,0.3724,0.1371,0.1396,0.001
13,1.0066,0.517,0.4684,0.0317,0.4728,0.1818,0.1463,1.0633,0.466,0.4052,0.033,0.3969,0.1546,0.1679,0.001
14,0.9864,0.5383,0.4898,0.0336,0.4934,0.1966,0.1677,1.3474,0.3582,0.2807,0.032,0.271,0.1755,0.1432,0.001
15,0.9826,0.5428,0.4921,0.0316,0.4948,0.2201,0.1656,1.1847,0.408,0.3299,0.0323,0.3166,0.1867,0.1864,0.001
16,0.977,0.5458,0.4937,0.0365,0.498,0.2442,0.1671,1.6688,0.2494,0.1775,0.0306,0.1658,0.1803,0.1103,0.001
17,0.967,0.5565,0.5057,0.0372,0.5094,0.2526,0.1773,1.191,0.4123,0.3498,0.0328,0.3442,0.202,0.1665,0.001
18,0.9713,0.5568,0.4997,0.0378,0.5026,0.2887,0.1692,1.2404,0.44,0.3697,0.0432,0.3554,0.2289,0.142,0.001
19,0.943,0.5698,0.5152,0.0393,0.5184,0.3037,0.1933,1.1206,0.4697,0.3976,0.045,0.3898,0.2493,0.193,0.001
20,0.9353,0.5845,0.5286,0.0416,0.5303,0.3246,0.1933,1.0889,0.4733,0.3916,0.0405,0.3826,0.257,0.2022,0.001
21,0.9083,0.5998,0.5434,0.0445,0.5457,0.3603,0.2154,1.1085,0.4511,0.3656,0.0481,0.3549,0.2053,0.194,0.001
22,0.9141,0.6042,0.5495,0.0447,0.5503,0.3571,0.2066,1.243,0.4563,0.3988,0.0411,0.3873,0.185,0.1993,0.001
23,0.9096,0.5949,0.5415,0.0529,0.5424,0.3556,0.2066,1.2433,0.4407,0.352,0.0471,0.3378,0.2898,0.1338,0.001
24,0.9087,0.6056,0.5517,0.0526,0.554,0.3672,0.2095,1.0418,0.5117,0.4383,0.0518,0.4263,0.279,0.2256,0.001
25,0.9006,0.5993,0.5444,0.0553,0.5449,0.3862,0.2177,1.1287,0.4008,0.3293,0.0354,0.3178,0.1878,0.182,0.001
26,0.8848,0.6107,0.5545,0.0565,0.5554,0.3822,0.2319,1.6177,0.3168,0.2565,0.0416,0.2491,0.2268,0.1084,0.001
27,0.8767,0.6101,0.5585,0.0574,0.5594,0.4029,0.2374,1.1201,0.475,0.3967,0.0631,0.3846,0.2939,0.1908,0.001
28,0.8598,0.6351,0.5833,0.0714,0.5846,0.4136,0.2431,1.102,0.4605,0.3949,0.0743,0.3785,0.2724,0.1797,0.001
29,0.8789,0.6141,0.5618,0.0664,0.5624,0.4056,0.238,1.0696,0.5031,0.4403,0.0736,0.4282,0.3073,0.1799,0.001
30,0.8523,0.6322,0.5812,0.0696,0.5827,0.4212,0.2435,1.3719,0.4258,0.3643,0.0476,0.3604,0.2736,0.1195,0.001
31,0.861,0.6319,0.5827,0.0683,0.5837,0.4126,0.2489,1.1772,0.4553,0.3792,0.0698,0.3534,0.2756,0.2246,0.001
32,0.8418,0.6489,0.595,0.0779,0.5952,0.4213,0.2512,1.1094,0.4995,0.441,0.0778,0.431,0.2912,0.1834,0.001
33,0.84,0.6483,0.5979,0.0879,0.5964,0.4289,0.2489,1.2113,0.4767,0.4283,0.0558,0.4262,0.2143,0.1392,0.001
34,0.851,0.6435,0.5926,0.0819,0.5921,0.4216,0.2464,1.2885,0.4932,0.4178,0.0677,0.4007,0.3061,0.1605,0.001
35,0.8327,0.648,0.5986,0.0914,0.5983,0.4351,0.2646,1.5923,0.3212,0.2269,0.068,0.1971,0.2849,0.1188,0.0005
36,0.7951,0.6767,0.6278,0.1042,0.6299,0.4672,0.2822,1.1622,0.5281,0.4488,0.1077,0.4265,0.357,0.1857,0.0005
37,0.7937,0.6779,0.6286,0.1053,0.6289,0.4621,0.2805,1.4058,0.4195,0.3645,0.0776,0.3522,0.2882,0.1619,0.0005
38,0.78,0.6913,0.6435,0.1132,0.6451,0.4789,0.2879,1.1432,0.5295,0.4607,0.09,0.4355,0.2885,0.2581,0.0005
39,0.7673,0.6931,0.6441,0.1227,0.6458,0.4864,0.3086,1.652,0.3655,0.2768,0.0832,0.2557,0.3159,0.1483,0.0005
40,0.761,0.6974,0.6508,0.1289,0.6522,0.4866,0.3065,1.3694,0.4738,0.3893,0.0868,0.3708,0.3099,0.1494,0.0005
41,0.7732,0.6919,0.6435,0.1254,0.6445,0.4897,0.3015,1.5342,0.366,0.2857,0.0906,0.2716,0.3107,0.1283,0.0005
42,0.7716,0.6855,0.639,0.1233,0.6405,0.4816,0.3057,1.204,0.4784,0.4115,0.0773,0.3975,0.3319,0.2066,0.0005
43,0.7614,0.7,0.6541,0.1241,0.656,0.4875,0.3105,1.273,0.5096,0.4506,0.0882,0.4395,0.2567,0.1793,0.0005
44,0.7571,0.7061,0.6594,0.1248,0.6616,0.4991,0.3235,1.4939,0.4274,0.3603,0.0836,0.3468,0.3149,0.1618,0.0005
45,0.7555,0.7023,0.6576,0.1298,0.6596,0.4889,0.3099,1.7896,0.327,0.2678,0.0711,0.258,0.2416,0.1469,0.0005
46,0.7577,0.7084,0.6614,0.1267,0.6641,0.4996,0.3081,1.2754,0.4942,0.433,0.0886,0.4197,0.2881,0.1546,0.0005
47,0.7467,0.7165,0.6715,0.1403,0.6734,0.505,0.317,1.1179,0.5004,0.4109,0.1264,0.3844,0.3104,0.2288,0.0005
48,0.745,0.7124,0.6639,0.1307,0.6661,0.4991,0.3365,1.2288,0.4776,0.4192,0.0996,0.4083,0.3199,0.1325,0.0005
49,0.7633,0.7002,0.6534,0.1366,0.6554,0.5048,0.3055,1.0348,0.5261,0.4406,0.114,0.4257,0.3508,0.2485,0.00025
50,0.7322,0.7155,0.6713,0.1422,0.6744,0.5121,0.3339,1.2681,0.3916,0.3113,0.1242,0.2922,0.369,0.1598,0.00025
51,0.7156,0.7184,0.6739,0.1605,0.6765,0.5243,0.3453,1.1945,0.4983,0.4343,0.1159,0.4248,0.325,0.1788,0.00025
52,0.7081,0.7302,0.6856,0.1683,0.6889,0.5392,0.3412,1.1482,0.5055,0.4282,0.142,0.4139,0.3844,0.1906,0.00025
53,0.7112,0.7344,0.689,0.1584,0.6918,0.5236,0.3505,1.0854,0.5397,0.4769,0.1598,0.4613,0.3623,0.1885,0.00025
54,0.7031,0.7359,0.6916,0.1618,0.6952,0.5389,0.3599,1.0266,0.5002,0.4245,0.1436,0.407,0.3359,0.2502,0.00025
55,0.6979,0.7369,0.6932,0.1746,0.695,0.5354,0.3606,1.0113,0.5673,0.4957,0.1627,0.4755,0.3656,0.2704,0.00025
56,0.7063,0.7343,0.69,0.1644,0.6914,0.5338,0.3551,1.3437,0.4907,0.4234,0.1057,0.4111,0.2848,0.1679,0.00025
57,0.7004,0.7389,0.6948,0.1657,0.6973,0.5276,0.3708,1.2467,0.49,0.4343,0.1294,0.42,0.3202,0.1836,0.00025
58,0.6939,0.7427,0.6992,0.1717,0.7011,0.5386,0.361,1.1388,0.498,0.4323,0.1456,0.4196,0.3773,0.1595,0.00025
59,0.6926,0.7421,0.6985,0.1759,0.7008,0.5383,0.3634,1.4222,0.5122,0.4324,0.095,0.4184,0.3191,0.1874,0.00025
60,0.6917,0.745,0.7016,0.1744,0.7047,0.5356,0.3759,1.2435,0.5309,0.4559,0.1529,0.4318,0.3466,0.2426,0.00025
61,0.6794,0.7461,0.7029,0.191,0.7051,0.5478,0.3769,1.289,0.5046,0.4361,0.1591,0.4167,0.3578,0.1544,0.00025
62,0.6827,0.7458,0.7027,0.1798,0.7051,0.5464,0.3841,1.2677,0.4999,0.417,0.1612,0.3927,0.3638,0.1887,0.00025
63,0.6831,0.7434,0.7,0.1854,0.702,0.541,0.3827,1.2672,0.5337,0.4591,0.15,0.44,0.3477,0.1713,0.00025
64,0.6758,0.748,0.707,0.1928,0.7096,0.5381,0.3877,1.3365,0.4889,0.4174,0.1187,0.4029,0.3192,0.1734,0.00025
65,0.6728,0.75,0.7081,0.198,0.7099,0.5534,0.3856,1.1927,0.5094,0.4396,0.1774,0.4201,0.3861,0.2022,0.00025
66,0.6747,0.7485,0.7061,0.1848,0.7088,0.5467,0.3971,1.3204,0.5319,0.4619,0.1377,0.4456,0.3353,0.1788,0.000125
67,0.6618,0.7575,0.7149,0.1939,0.7167,0.5506,0.4073,1.3078,0.5122,0.4441,0.129,0.4299,0.3304,0.1451,0.000125
68,0.6526,0.7601,0.7184,0.2052,0.7221,0.5614,0.4132,1.4884,0.4765,0.4076,0.1279,0.3944,0.3168,0.1387,0.000125
69,0.6523,0.7612,0.7184,0.1986,0.7206,0.568,0.4137,1.4552,0.5096,0.451,0.1018,0.4393,0.2537,0.1337,0.000125
70,0.6457,0.766,0.7256,0.2103,0.728,0.5641,0.4174,1.3549,0.5317,0.4591,0.1291,0.4455,0.3462,0.1974,0.000125
71,0.6474,0.7583,0.7168,0.2082,0.7195,0.5679,0.4229,1.2795,0.5326,0.4605,0.184,0.4435,0.3829,0.2031,0.000125
72,0.6386,0.7676,0.7247,0.2236,0.7265,0.5736,0.4262,1.1651,0.5702,0.5013,0.1788,0.4799,0.3707,0.246,0.000125
73,0.6404,0.7651,0.7254,0.2156,0.728,0.5707,0.4281,1.2387,0.5546,0.4724,0.1675,0.4534,0.3463,0.2009,0.000125
74,0.6381,0.7633,0.7225,0.2304,0.7247,0.567,0.4252,1.5333,0.4651,0.3944,0.1555,0.3802,0.3168,0.1708,0.000125
75,0.6334,0.7693,0.7283,0.2238,0.7306,0.5782,0.4289,1.2921,0.5222,0.4494,0.1753,0.4326,0.366,0.1584,0.000125
76,0.6356,0.7705,0.731,0.2226,0.7331,0.5673,0.4269,1.313,0.5385,0.4735,0.151,0.4613,0.3392,0.16,0.000125
77,0.6416,0.7695,0.7275,0.2075,0.7308,0.5753,0.4229,1.3701,0.5386,0.4692,0.1572,0.4562,0.3549,0.1968,0.000125
78,0.6289,0.7679,0.7283,0.2291,0.7306,0.5706,0.4397,1.415,0.5326,0.4626,0.1643,0.4444,0.3306,0.1786,0.000125
79,0.626,0.7701,0.7305,0.2289,0.7327,0.5741,0.4457,1.2626,0.5194,0.4496,0.179,0.4334,0.3686,0.1866,0.000125
80,0.6311,0.7737,0.7346,0.2261,0.736,0.5711,0.4399,1.2335,0.5519,0.4859,0.1771,0.4656,0.3299,0.2298,0.000125
81,0.6238,0.7704,0.7318,0.235,0.7334,0.5748,0.4405,1.2895,0.5274,0.4502,0.1898,0.4334,0.3859,0.1812,0.000125
82,0.626,0.774,0.7316,0.2279,0.7333,0.5746,0.4517,1.3725,0.5185,0.4539,0.1617,0.4399,0.3377,0.1408,0.000125
83,0.6286,0.7716,0.7322,0.2329,0.734,0.575,0.4286,1.3095,0.5399,0.4667,0.1827,0.4523,0.3734,0.1741,6.25e-05
84,0.6173,0.7754,0.7345,0.2389,0.7375,0.5835,0.4438,1.6047,0.4605,0.3949,0.1797,0.3813,0.3089,0.2152,6.25e-05
85,0.6162,0.78,0.7432,0.2349,0.744,0.5718,0.4489,1.587,0.4875,0.4217,0.1561,0.4104,0.2935,0.1914,6.25e-05
86,0.6143,0.7781,0.7378,0.2416,0.7399,0.5902,0.4533,1.3354,0.5319,0.4668,0.1563,0.4542,0.3331,0.1884,6.25e-05
87,0.6109,0.7808,0.7441,0.2489,0.7456,0.5784,0.4517,1.335,0.5083,0.4481,0.2031,0.4316,0.3453,0.2374,6.25e-05
88,0.6073,0.7817,0.744,0.2373,0.7459,0.5849,0.4646,1.2135,0.5767,0.5099,0.1814,0.4929,0.363,0.2116,6.25e-05
89,0.6124,0.7813,0.742,0.2456,0.7437,0.5863,0.455,1.2847,0.553,0.485,0.191,0.4716,0.3691,0.1785,6.25e-05
90,0.6043,0.7842,0.746,0.2459,0.748,0.5902,0.4662,1.3463,0.5557,0.4853,0.1841,0.4702,0.3537,0.1817,6.25e-05
91,0.6072,0.7802,0.7429,0.2426,0.7449,0.584,0.4674,1.2663,0.5704,0.4968,0.1992,0.4818,0.3729,0.1825,6.25e-05
92,0.6063,0.7827,0.745,0.2526,0.7469,0.5826,0.4596,1.2468,0.5725,0.491,0.1951,0.4709,0.3746,0.2157,6.25e-05
93,0.6063,0.7805,0.7419,0.247,0.7431,0.5849,0.4662,1.3757,0.5314,0.466,0.1848,0.4525,0.3281,0.1622,6.25e-05
94,0.6006,0.7868,0.7485,0.25,0.7509,0.5935,0.4643,1.4162,0.5184,0.455,0.2082,0.4395,0.3372,0.1863,6.25e-05
95,0.6027,0.7845,0.7465,0.2515,0.7478,0.5817,0.4688,1.4072,0.5325,0.4689,0.2036,0.4569,0.3267,0.1606,6.25e-05
96,0.603,0.7847,0.7461,0.2539,0.7473,0.5913,0.4656,1.3208,0.5606,0.4877,0.2175,0.4733,0.3696,0.1818,6.25e-05
97,0.6002,0.7861,0.7483,0.2561,0.7501,0.5829,0.4724,1.3962,0.5238,0.4548,0.2127,0.4408,0.3439,0.1832,6.25e-05
98,0.5967,0.7843,0.7467,0.2576,0.7479,0.588,0.4737,1.3752,0.5544,0.4881,0.208,0.474,0.3295,0.184,6.25e-05
99,0.6008,0.7864,0.7494,0.2523,0.7509,0.5912,0.4669,1.3149,0.5631,0.4945,0.1809,0.4802,0.3351,0.1827,3.125e-05
100,0.5997,0.7838,0.7457,0.2575,0.7466,0.5865,0.4647,1.634,0.4845,0.4158,0.1958,0.4075,0.3242,0.1789,3.125e-05
