epoch,loss,dice_coef,dice_bg,dice_NETC,dice_SNFH,dice_ET,dice_RC,dice_tumor_core,dice_whole_tumor,val_loss,val_dice_coef,val_dice_bg,val_dice_NETC,val_dice_SNFH,val_dice_ET,val_dice_RC,val_dice_tumor_core,val_dice_whole_tumor,lr
1,0.9428926787994526,0.23130542457581432,0.9725104255218929,0.020132128025433144,0.5205952487067039,0.1984102851069257,0.18608403646419447,0.17793823663353167,0.49685768121452967,0.6861022512118021,0.5362909098140413,0.9943928443358155,0.10929422288393499,0.7171260593250769,0.753758968329576,0.5649843887175771,0.7048549361526556,0.7583415141618342,0.001
2,0.6860685425776022,0.5530626568861285,0.9933587715792637,0.13351607662345066,0.7604470450701953,0.7681334744025338,0.5501540314483345,0.6837853840823748,0.7979242852770583,0.6405433168013891,0.6157485382347712,0.9953457904294961,0.22212528524426858,0.7633902352911369,0.7843768860804572,0.6931017463232216,0.7602787644296264,0.798520694205892,0.001
3,0.6511645841377752,0.5961655768053427,0.9937866410766137,0.22687549162135645,0.7751559526454352,0.7953931950574601,0.5872376678971187,0.7341510517378862,0.8084370769653861,0.6461787134408951,0.5999281841153502,0.9946770589406181,0.16271496840050634,0.749321165347036,0.8190218760056531,0.6686547267082051,0.7872489963417337,0.7870770030759004,0.001
4,0.6445730947234013,0.5803836864238868,0.9929507642245624,0.18519608554565728,0.7587532613818732,0.793593941835611,0.5839914569324058,0.7390741266187348,0.7915102136673366,0.581554173429807,0.5112117214487621,0.992863912452979,0.00036341353513193636,0.7561522853646,0.8116997663207446,0.47663142057457225,0.7802283120058671,0.7917445724444275,0.001
5,0.5839391699543706,0.5559227525428679,0.9941844605942618,0.0006612845961357384,0.8001734248636206,0.8086613502027578,0.6141949505089578,0.7620474575017402,0.8227141107267344,0.5706120312213898,0.5700738371447528,0.9960461677644614,0.00037589316756852267,0.7967671423226184,0.7875009856022384,0.695651327486586,0.7621278175569715,0.8279253554952143,0.001
6,0.5839919770757357,0.5524752532650349,0.9939780053789188,0.0059236407604449925,0.7883152288847889,0.8238920230742356,0.5917701203406703,0.7739104229437801,0.8129961093599397,0.5082693373163542,0.5796236174912471,0.9962964352614208,0.0009849542102895392,0.7976363460492603,0.8379527594486752,0.6819204102567635,0.7935138362341836,0.819269933642199,0.001
7,0.5692323857711421,0.5732939284355235,0.9945593451843596,0.03790120806712791,0.8092513001027306,0.8322484462382679,0.6137747593339675,0.777121824521555,0.8284407977771961,0.5685261855522792,0.5695123159499255,0.9958660827178489,0.0014944487046393256,0.7856948526540712,0.8169137463816988,0.6739462160592926,0.7660011193798419,0.813123284181268,0.001
8,0.5565777465701103,0.5796950015696379,0.9947469882416763,0.026451223896213467,0.8173743198294839,0.8292332231377252,0.6457212394151289,0.7812341795173503,0.8369680795978096,0.5941243703166644,0.5208137754402795,0.9946941627318202,0.022170228386210446,0.6781398852211785,0.7147454245259572,0.6681995636277718,0.6646986714864227,0.6897472509822251,0.001
9,0.543320739545204,0.6388079686556993,0.9943917988623581,0.3040652297664771,0.8038600573516428,0.8131665958389988,0.6341399916656785,0.7804126335298524,0.827043461961908,0.5227855831384659,0.6911320625080315,0.995185714978929,0.4921558315390356,0.7726898446614663,0.8195268961800526,0.6801556776515713,0.8050151077006599,0.808830520008053,0.001
10,0.5681003044876788,0.6144862421481603,0.9940559750369178,0.24771741815451687,0.7955360913811619,0.8161391309847278,0.5985523280722345,0.7717006108179596,0.8194795092276802,0.5436417718728384,0.5770553130520177,0.9957705276652771,0.0023828210060032554,0.77461259889893,0.8285948744722378,0.7026309578308999,0.7756880080545975,0.8017394495164916,0.001
11,0.5241835327887977,0.6814378449979235,0.9949302840510819,0.42065928026008786,0.81950459555531,0.8231264438233517,0.6624610603529445,0.7943596229619454,0.8435918679777604,0.5899731576442718,0.5536884548325991,0.9952580756150656,0.007515460286478186,0.7236524733415473,0.77616303668013,0.7074228490222408,0.7217153700885375,0.7495257661134268,0.001
12,0.5627794685739058,0.6154975410028465,0.9945758742334593,0.18789797413787535,0.8130323445557531,0.8202232379447268,0.6408366073730309,0.7749571093776059,0.8324702400457021,0.4907561515768369,0.7083347841796617,0.9955473770933032,0.5171351515661267,0.7860719707550007,0.8451326780949583,0.6849993363025606,0.8351618766923185,0.8120098619444833,0.001
13,0.49084827361835376,0.691842288339657,0.9952907945909413,0.4139946415748539,0.8348567080275571,0.8421516262826608,0.676366177473556,0.8108212962555178,0.8536995132140799,0.467556557059288,0.7399060855634666,0.9963888947676797,0.6053691529906972,0.8016575761717813,0.8408662786143772,0.7117313344770103,0.8408787341506958,0.8314836126382456,0.001
14,0.5060129155163412,0.6878955717971575,0.9951699778027926,0.405686213728887,0.8320538650713653,0.8372366328630407,0.6766055755253372,0.8075129200585208,0.8517421311157095,0.47183116922775903,0.7406903998938571,0.996049180382467,0.5920523967094113,0.7936767871292337,0.8581673671246052,0.7188650486121778,0.847613124703542,0.8228829024332842,0.001
15,0.5000556710417624,0.6835025352681033,0.9950231467400458,0.4104209184994474,0.8247047089048483,0.8290886186416432,0.6697958950264743,0.7964607647761391,0.8452302233214445,0.486337973177433,0.6495096086653263,0.9965033556447488,0.23280334186738294,0.8147864428507046,0.8310520858564474,0.7193965640867699,0.790907038222427,0.8357168445347437,0.001
16,0.4784015654137841,0.7213370846357237,0.9949730504985368,0.532400018985156,0.8253693636578644,0.8390062725530177,0.6885726833468566,0.8222536102102744,0.8472163930941818,0.5272410909334818,0.6958299944720865,0.9947811182775027,0.5909217582104368,0.7414883991911773,0.7869551450300502,0.6639546754566816,0.784149751805133,0.7798097517146143,0.001
17,0.5005914468732146,0.7041108215738474,0.995119596420381,0.4775167733209293,0.8287050135931119,0.8351503402490613,0.6750711591322872,0.8108657495276809,0.8492182951871418,0.4389945358037949,0.7527541323615643,0.9967154450459825,0.5942594127672701,0.8258968644598872,0.8553760273581585,0.7354842248609413,0.8539564998265261,0.8499615055166321,0.001
18,0.4933019743749389,0.6961970157800608,0.9946218681522245,0.4977205446743562,0.8189534776399908,0.8372512529584376,0.6308627878474582,0.8173490203325018,0.8408971949785194,0.4961770097414652,0.7339926618043139,0.9954042185923788,0.6206152522535779,0.7828234937236893,0.8110362588104377,0.7214956424295506,0.8134644004774513,0.8110900326163346,0.001
19,nan,nan,nan,nan,nan,nan,nan,nan,nan,nan,nan,nan,nan,nan,nan,nan,nan,nan,0.001
20,nan,nan,nan,nan,nan,nan,nan,nan,nan,nan,nan,nan,nan,nan,nan,nan,nan,nan,0.001
21,nan,nan,nan,nan,nan,nan,nan,nan,nan,nan,nan,nan,nan,nan,nan,nan,nan,nan,0.001
22,nan,nan,nan,nan,nan,nan,nan,nan,nan,nan,nan,nan,nan,nan,nan,nan,nan,nan,0.001
23,nan,nan,nan,nan,nan,nan,nan,nan,nan,nan,nan,nan,nan,nan,nan,nan,nan,nan,0.001
24,nan,nan,nan,nan,nan,nan,nan,nan,nan,nan,nan,nan,nan,nan,nan,nan,nan,nan,0.001
25,nan,nan,nan,nan,nan,nan,nan,nan,nan,nan,nan,nan,nan,nan,nan,nan,nan,nan,0.001
26,nan,nan,nan,nan,nan,nan,nan,nan,nan,nan,nan,nan,nan,nan,nan,nan,nan,nan,0.001
27,nan,nan,nan,nan,nan,nan,nan,nan,nan,nan,nan,nan,nan,nan,nan,nan,nan,nan,0.001
28,nan,nan,nan,nan,nan,nan,nan,nan,nan,nan,nan,nan,nan,nan,nan,nan,nan,nan,0.0005
29,nan,nan,nan,nan,nan,nan,nan,nan,nan,nan,nan,nan,nan,nan,nan,nan,nan,nan,0.0005
30,nan,nan,nan,nan,nan,nan,nan,nan,nan,nan,nan,nan,nan,nan,nan,nan,nan,nan,0.0005
31,nan,nan,nan,nan,nan,nan,nan,nan,nan,nan,nan,nan,nan,nan,nan,nan,nan,nan,0.0005
32,nan,nan,nan,nan,nan,nan,nan,nan,nan,nan,nan,nan,nan,nan,nan,nan,nan,nan,0.0005
33,nan,nan,nan,nan,nan,nan,nan,nan,nan,nan,nan,nan,nan,nan,nan,nan,nan,nan,0.0005
34,nan,nan,nan,nan,nan,nan,nan,nan,nan,nan,nan,nan,nan,nan,nan,nan,nan,nan,0.0005
35,nan,nan,nan,nan,nan,nan,nan,nan,nan,nan,nan,nan,nan,nan,nan,nan,nan,nan,0.0005
36,nan,nan,nan,nan,nan,nan,nan,nan,nan,nan,nan,nan,nan,nan,nan,nan,nan,nan,0.0005
37,nan,nan,nan,nan,nan,nan,nan,nan,nan,nan,nan,nan,nan,nan,nan,nan,nan,nan,0.0005
