epoch,dice_ET,dice_NETC,dice_RC,dice_SNFH,dice_bg,dice_coef,dice_tumor_core,dice_whole_tumor,learning_rate,loss,val_dice_ET,val_dice_NETC,val_dice_RC,val_dice_SNFH,val_dice_bg,val_dice_coef,val_dice_tumor_core,val_dice_whole_tumor,val_loss
0,0.12365656346082687,0.005343580152839422,0.05470452457666397,0.1736338883638382,0.8124893307685852,0.09805584698915482,0.08876872062683105,0.18039295077323914,0.0010000000474974513,1.6752257347106934,0.2837753891944885,0.0048766289837658405,0.1394331306219101,0.3086918890476227,0.9390291571617126,0.15726415812969208,0.18296433985233307,0.2946959435939789,1.1469475030899048
1,0.49702519178390503,0.025419142097234726,0.21864598989486694,0.564572274684906,0.9763920307159424,0.2862355411052704,0.37218841910362244,0.5694538950920105,0.0010000000474974513,0.8752089738845825,0.5970805287361145,0.03044848144054413,0.3420833349227905,0.5791299343109131,0.9885658621788025,0.3125852346420288,0.46711844205856323,0.5956645607948303,0.7674567699432373
2,0.6968522667884827,0.08446436375379562,0.4071618914604187,0.7000775337219238,0.9901058673858643,0.39678627252578735,0.6104801893234253,0.7344083786010742,0.0010000000474974513,0.6949575543403625,0.6739854216575623,0.11891011893749237,0.5221147537231445,0.6764004230499268,0.991874635219574,0.3698197305202484,0.6401500701904297,0.7122095227241516,0.6929307579994202
3,0.7034988403320312,0.15129812061786652,0.45375603437423706,0.7240990400314331,0.9916225075721741,0.42301836609840393,0.6426162719726562,0.7641056180000305,0.0010000000474974513,0.6602752208709717,0.6831204891204834,0.21335162222385406,0.5659833550453186,0.7290571331977844,0.993709921836853,0.42006969451904297,0.646545946598053,0.7732906341552734,0.6356914639472961
4,0.7324317097663879,0.1929115653038025,0.4879745543003082,0.7508955597877502,0.9923903346061707,0.4496367573738098,0.6717202067375183,0.787824809551239,0.0010000000474974513,0.6297740340232849,0.7335915565490723,0.25605469942092896,0.5153200626373291,0.6896790862083435,0.9944970607757568,0.43107664585113525,0.6845078468322754,0.765881359577179,0.6183053851127625
5,0.7448696494102478,0.25833961367607117,0.5060740113258362,0.7583666443824768,0.992693305015564,0.4658576548099518,0.7054882049560547,0.7896926403045654,0.0010000000474974513,0.6106220483779907,0.7492998838424683,0.28427359461784363,0.6374028921127319,0.7098757028579712,0.9945068955421448,0.4330039322376251,0.7123885154724121,0.7710626125335693,0.6130229830741882
6,0.7473054528236389,0.29189369082450867,0.5600223541259766,0.7767120003700256,0.9933528304100037,0.48207804560661316,0.7070485949516296,0.8071694374084473,0.0010000000474974513,0.5885276198387146,0.7874436974525452,0.3519865572452545,0.7101841568946838,0.7453020811080933,0.9959860444068909,0.4753965735435486,0.7575742602348328,0.7853725552558899,0.5709633231163025
7,0.7678066492080688,0.3676598370075226,0.5651561617851257,0.7878338098526001,0.9937182664871216,0.4990723729133606,0.7371456623077393,0.8167868852615356,0.0010000000474974513,0.567497968673706,0.7700797915458679,0.36995983123779297,0.6805729866027832,0.7339450716972351,0.9957571625709534,0.45995014905929565,0.7317380905151367,0.7775723934173584,0.5818074345588684
8,0.7815995216369629,0.37006404995918274,0.5779092907905579,0.789790689945221,0.9938258528709412,0.5027329921722412,0.7458233833312988,0.8176199793815613,0.0010000000474974513,0.562375545501709,0.7775096297264099,0.4836483597755432,0.7185938358306885,0.7824068665504456,0.9958279728889465,0.5153787136077881,0.7661771178245544,0.8161885142326355,0.5244516134262085
9,0.7737979292869568,0.34919893741607666,0.6155620813369751,0.8108444213867188,0.99446702003479,0.5110334157943726,0.7384457588195801,0.835036039352417,0.0010000000474974513,0.5530616641044617,0.7774096727371216,0.2906007170677185,0.6344253420829773,0.772214949131012,0.9955878257751465,0.5068986415863037,0.7042261958122253,0.8014616370201111,0.5309006571769714
10,0.7793092727661133,0.42042866349220276,0.6408887505531311,0.8144484758377075,0.9945826530456543,0.524047315120697,0.7530421614646912,0.837898313999176,0.0010000000474974513,0.5360754728317261,0.8302687406539917,0.5747001767158508,0.5768292546272278,0.7414988875389099,0.9953006505966187,0.5224052667617798,0.8228961229324341,0.7946242690086365,0.5236795544624329
11,0.7984697818756104,0.48359259963035583,0.6260873079299927,0.8128505349159241,0.9946178793907166,0.5420433282852173,0.7798081040382385,0.8368055820465088,0.0010000000474974513,0.516528844833374,0.8029959201812744,0.4278768002986908,0.6834371089935303,0.746552586555481,0.9944661855697632,0.526726484298706,0.7719142436981201,0.7901366353034973,0.5180218815803528
12,0.7930601835250854,0.4316461384296417,0.618389904499054,0.81369948387146,0.994670033454895,0.5462424755096436,0.7674360275268555,0.8377531170845032,0.0010000000474974513,0.514536440372467,0.7891578674316406,0.4447934627532959,0.7234517335891724,0.8085959553718567,0.9961419701576233,0.5420405864715576,0.7628620266914368,0.8405052423477173,0.49285081028938293
13,0.7798597812652588,0.4699156880378723,0.6535543203353882,0.8259422183036804,0.9948287606239319,0.546233594417572,0.7599958181381226,0.847663938999176,0.0010000000474974513,0.5114486813545227,0.7777298092842102,0.5041439533233643,0.7438178658485413,0.8078620433807373,0.99676114320755,0.5302475690841675,0.7650544047355652,0.8410631418228149,0.5043823719024658
14,0.7980925440788269,0.4663812816143036,0.6698711514472961,0.8330450057983398,0.9951745271682739,0.5561179518699646,0.7743687629699707,0.8531529903411865,0.0010000000474974513,0.500087320804596,0.8408660292625427,0.5776507258415222,0.7399219870567322,0.8129047155380249,0.9964209198951721,0.5514678955078125,0.8308858275413513,0.8462591171264648,0.4859001934528351
15,0.8060582876205444,0.5366283655166626,0.6688697934150696,0.8355090022087097,0.9950985312461853,0.5681192278862,0.794040322303772,0.8554131388664246,0.0010000000474974513,0.4874041974544525,0.795810341835022,0.6749210357666016,0.7380329370498657,0.7771600484848022,0.9963673949241638,0.5351380109786987,0.8062034249305725,0.8143553137779236,0.4994831085205078
16,0.7881198525428772,0.5327135324478149,0.700170636177063,0.838053286075592,0.9953108429908752,0.5733996629714966,0.7755811214447021,0.8581252694129944,0.0010000000474974513,0.4805109202861786,0.7933451533317566,0.4457820951938629,0.732652485370636,0.8059781789779663,0.9965660572052002,0.5481969118118286,0.7736147046089172,0.8314382433891296,0.4847840666770935
17,0.8033406138420105,0.5451436042785645,0.6936445236206055,0.8386924266815186,0.9953127503395081,0.5816484689712524,0.7895223498344421,0.8579409718513489,0.0010000000474974513,0.47334471344947815,0.8339130878448486,0.502605140209198,0.7238022089004517,0.832140326499939,0.9964573383331299,0.5951930284500122,0.8208723664283752,0.8540719747543335,0.4474744200706482
18,0.7935830950737,0.5115018486976624,0.6749311685562134,0.8324912190437317,0.9949174523353577,0.5841094851493835,0.7785724997520447,0.8503333330154419,0.0010000000474974513,0.47659212350845337,0.8021924495697021,0.6582134962081909,0.7861279249191284,0.7751209139823914,0.9959347248077393,0.5722072720527649,0.8015183210372925,0.8084700703620911,0.4775465726852417
19,0.7561835646629333,0.44307833909988403,0.6502264738082886,0.8217980265617371,0.9948256015777588,0.5633230805397034,0.741931140422821,0.8468016982078552,0.0010000000474974513,0.5058929324150085,0.8066824674606323,0.567375659942627,0.7407399415969849,0.8159841299057007,0.9965143203735352,0.5824814438819885,0.8058732748031616,0.8445610404014587,0.45209065079689026
20,0.8125695586204529,0.5165661573410034,0.6951911449432373,0.8494548797607422,0.9955862760543823,0.6019923686981201,0.7955480813980103,0.8659850358963013,0.0010000000474974513,0.45697298645973206,0.8491424322128296,0.5803751349449158,0.7630162239074707,0.8231246471405029,0.9966585636138916,0.6200564503669739,0.8362350463867188,0.847325325012207,0.4237859547138214
21,0.8051029443740845,0.48577964305877686,0.7013130187988281,0.8414173722267151,0.9953937530517578,0.6025272011756897,0.7893748879432678,0.8597221970558167,0.0010000000474974513,0.4630446135997772,0.8348627090454102,0.5822846293449402,0.7575910091400146,0.8113449215888977,0.9964714646339417,0.6177738308906555,0.8189787864685059,0.8343408107757568,0.4229884147644043
22,0.8015320301055908,0.5619760155677795,0.6849625110626221,0.8476877212524414,0.9954169392585754,0.6088359951972961,0.7910633683204651,0.8656516671180725,0.0010000000474974513,0.450957715511322,0.8269942402839661,0.597274124622345,0.6464963555335999,0.8077738881111145,0.9961690902709961,0.5634083151817322,0.821607768535614,0.8313896059989929,0.48570236563682556
23,0.8015172481536865,0.5249782800674438,0.701681911945343,0.8369818329811096,0.995363175868988,0.5962594151496887,0.7884283661842346,0.8580380082130432,0.0010000000474974513,0.46525105834007263,0.8361732959747314,0.6876072883605957,0.7594049572944641,0.8243094086647034,0.996715247631073,0.6146304607391357,0.8378632068634033,0.8556530475616455,0.41608044505119324
24,0.8038381338119507,0.5874763131141663,0.7092248797416687,0.8543859124183655,0.9956339597702026,0.6195753216743469,0.7972890138626099,0.8703180551528931,0.0010000000474974513,0.4382833242416382,0.782346248626709,0.6718410849571228,0.7031798958778381,0.8034170866012573,0.9963903427124023,0.6445016264915466,0.7932671904563904,0.8388206958770752,0.40251436829566956
25,0.8065921664237976,0.5411399602890015,0.6786139607429504,0.8360944986343384,0.9951696395874023,0.5911623239517212,0.7944241762161255,0.8551643490791321,0.0010000000474974513,0.4801758825778961,0.8229357600212097,0.6141161918640137,0.6111750602722168,0.7736772894859314,0.9957339763641357,0.5628492832183838,0.8183106780052185,0.805109441280365,0.48308467864990234
26,0.8257663249969482,0.6106804609298706,0.7005831003189087,0.834913432598114,0.9953765869140625,0.6121192574501038,0.8174394369125366,0.855329155921936,0.0010000000474974513,0.4463517665863037,0.8106407523155212,0.7073827385902405,0.7002541422843933,0.7944638729095459,0.9967319369316101,0.5878545045852661,0.8188489079475403,0.8406161665916443,0.44443124532699585
27,0.8094201683998108,0.5489861369132996,0.6718858480453491,0.8484014868736267,0.9955207109451294,0.6034969687461853,0.7965819835662842,0.865048348903656,0.0010000000474974513,0.46268248558044434,0.8201043605804443,0.5092186331748962,0.7235098481178284,0.7946335673332214,0.9967824220657349,0.6164516806602478,0.8040792942047119,0.8198170065879822,0.421382874250412
28,0.8122814893722534,0.5902411341667175,0.7259766459465027,0.859660267829895,0.9959635138511658,0.6253766417503357,0.8033901453018188,0.8762844204902649,0.0010000000474974513,0.4310816824436188,0.8446099758148193,0.6803498864173889,0.7912346124649048,0.829044759273529,0.9961519241333008,0.5979602336883545,0.8439462184906006,0.8602749109268188,0.4384680390357971
29,0.8328906893730164,0.6236700415611267,0.7551856637001038,0.858763575553894,0.9958821535110474,0.6370431184768677,0.8268508911132812,0.8740198016166687,0.0010000000474974513,0.41456565260887146,0.794198215007782,0.6330142021179199,0.7802948951721191,0.7792168259620667,0.9963587522506714,0.6973417401313782,0.7958254814147949,0.8097973465919495,0.33616504073143005
30,0.8201954364776611,0.6058623194694519,0.7469383478164673,0.8609157204627991,0.9960361123085022,0.6338188052177429,0.8100687861442566,0.8781284689903259,0.0010000000474974513,0.4248720407485962,0.8451499342918396,0.7475407123565674,0.8061037659645081,0.8579598069190979,0.9966647028923035,0.6969285607337952,0.8483471274375916,0.8791912198066711,0.3463515043258667
31,0.8202759623527527,0.6195322871208191,0.7457740902900696,0.8552064895629883,0.9958359003067017,0.6493995189666748,0.8152957558631897,0.8730921745300293,0.0010000000474974513,0.4040009677410126,0.8597489595413208,0.6814225316047668,0.8123284578323364,0.8066315054893494,0.9965070486068726,0.6190332770347595,0.8581693172454834,0.8391785621643066,0.4112566113471985
32,0.8199703693389893,0.6211455464363098,0.7454894781112671,0.8607850670814514,0.9960636496543884,0.6415422558784485,0.8138263821601868,0.8779283761978149,0.0010000000474974513,0.4114660620689392,0.7993269562721252,0.6628594994544983,0.8075140714645386,0.8158876299858093,0.9969848394393921,0.6065725684165955,0.8025137782096863,0.8530705571174622,0.42795199155807495
33,0.8303014636039734,0.6593748927116394,0.7421749830245972,0.8674443364143372,0.996185302734375,0.646052896976471,0.8274012207984924,0.8833059072494507,0.0010000000474974513,0.40459054708480835,0.8520634770393372,0.7428306937217712,0.8050693273544312,0.8217706084251404,0.9967407584190369,0.6508067846298218,0.8570200800895691,0.8508198857307434,0.3791700601577759
34,0.8402764201164246,0.6043550968170166,0.7509061098098755,0.863791286945343,0.996097207069397,0.6437987089157104,0.830483078956604,0.8779658675193787,0.0010000000474974513,0.41184455156326294,0.8714790344238281,0.4859299063682556,0.7867001891136169,0.8164337873458862,0.9971897602081299,0.6003989577293396,0.8410201668739319,0.8363105654716492,0.4382891356945038
35,0.844768226146698,0.656406581401825,0.7675703167915344,0.8772113919258118,0.9964605569839478,0.6664178967475891,0.8436272740364075,0.8905422687530518,0.0010000000474974513,0.38231322169303894,0.8233610987663269,0.4298185706138611,0.7812730669975281,0.8174703121185303,0.9968386888504028,0.6312713623046875,0.7916660308837891,0.835195004940033,0.42601603269577026
36,0.8184204697608948,0.5771217942237854,0.7159894108772278,0.8561753630638123,0.9959979057312012,0.6334208250045776,0.8054149150848389,0.8731427788734436,0.0010000000474974513,0.42589071393013,0.8558154702186584,0.614612877368927,0.7242050170898438,0.7530580759048462,0.9954014420509338,0.6214037537574768,0.8440799713134766,0.7942032217979431,0.42396458983421326
37,0.8549361824989319,0.6845826506614685,0.7459501028060913,0.8640676140785217,0.9961501359939575,0.6680354475975037,0.8529609441757202,0.8808373808860779,0.0010000000474974513,0.3778563141822815,0.8343803286552429,0.6009562015533447,0.7607154846191406,0.8446760177612305,0.9971507787704468,0.5762137174606323,0.8217766284942627,0.8591628670692444,0.46215930581092834
38,0.8260254859924316,0.6485061645507812,0.7498456835746765,0.8715936541557312,0.9964443445205688,0.6593289971351624,0.8215160369873047,0.8899540901184082,0.0010000000474974513,0.3938421308994293,0.8432201147079468,0.7198123931884766,0.83070969581604,0.8237932920455933,0.9968271255493164,0.6281105875968933,0.8541420698165894,0.8582321405410767,0.4025767743587494
39,0.8293001055717468,0.5870195627212524,0.7459798455238342,0.8519086241722107,0.9957684278488159,0.6163066029548645,0.8189828991889954,0.8685862421989441,0.0010000000474974513,0.4469868838787079,0.8395536541938782,0.6319365501403809,0.6942489147186279,0.8134552240371704,0.9965472221374512,0.5693709254264832,0.8293887376785278,0.8382752537727356,0.47496140003204346
40,0.8365926742553711,0.6023414731025696,0.7133637070655823,0.8508705496788025,0.995669960975647,0.6165977716445923,0.823125958442688,0.8689603805541992,0.0010000000474974513,0.44233325123786926,0.8660992980003357,0.7267272472381592,0.7441418170928955,0.8278412818908691,0.9975191354751587,0.6810237169265747,0.8661251068115234,0.860633373260498,0.35353490710258484
41,0.8516889810562134,0.6712798476219177,0.7511104941368103,0.8652129173278809,0.9961121678352356,0.664517343044281,0.8476449251174927,0.8812639117240906,0.0005000000237487257,0.3872103989124298,0.814223051071167,0.7755191326141357,0.8272805213928223,0.8150137066841125,0.9959795475006104,0.6740368008613586,0.8257988691329956,0.8416403532028198,0.3634401857852936
42,0.8376301527023315,0.6666533946990967,0.7764992713928223,0.8732751607894897,0.996492862701416,0.6851503849029541,0.8347514867782593,0.8909528255462646,0.0005000000237487257,0.36832451820373535,0.8514629006385803,0.36780136823654175,0.8047345876693726,0.8593814373016357,0.9978172779083252,0.62306147813797,0.8245962262153625,0.8678284883499146,0.407013475894928
43,0.8662710785865784,0.7128279209136963,0.7852721214294434,0.8808904886245728,0.9966360926628113,0.6961668729782104,0.8639206886291504,0.8960970044136047,0.0005000000237487257,0.34821709990501404,0.852448582649231,0.7182426452636719,0.8001773953437805,0.8265650868415833,0.9974478483200073,0.6547957062721252,0.8521395325660706,0.8689997792243958,0.3847680389881134
44,0.8659273386001587,0.7299427390098572,0.7986772656440735,0.8813364505767822,0.9967265129089355,0.696749746799469,0.8659325242042542,0.8985511660575867,0.0005000000237487257,0.3468305170536041,0.8734220862388611,0.7777127623558044,0.85910564661026,0.8561778664588928,0.9972999095916748,0.7369493246078491,0.8756452202796936,0.8738792538642883,0.2942843437194824
45,0.8653167486190796,0.6965908408164978,0.7892717719078064,0.883162796497345,0.9967288970947266,0.6987945437431335,0.862560510635376,0.8979319930076599,0.0005000000237487257,0.3474307656288147,0.8522661924362183,0.4096059799194336,0.7554373741149902,0.8331685662269592,0.9972802996635437,0.6494974493980408,0.8247987031936646,0.8462945818901062,0.38501879572868347
46,0.8473945260047913,0.6688851118087769,0.7944664359092712,0.8789455890655518,0.9967291951179504,0.6844637989997864,0.843352735042572,0.8972663283348083,0.0005000000237487257,0.36655357480049133,0.7105510830879211,0.55874103307724,0.7730599045753479,0.8324311971664429,0.9974637031555176,0.6829819083213806,0.7051638960838318,0.8634093999862671,0.3682195842266083
47,0.8724515438079834,0.7441572546958923,0.8101981282234192,0.8888712525367737,0.9969696402549744,0.718533456325531,0.8747641444206238,0.9047127366065979,0.0005000000237487257,0.32063233852386475,0.7771814465522766,0.36590448021888733,0.8503662347793579,0.8345569968223572,0.997671365737915,0.6439623236656189,0.7580583095550537,0.8444780707359314,0.3851449191570282
48,0.8578764796257019,0.716138482093811,0.7966468930244446,0.8833118677139282,0.9968704581260681,0.6965082287788391,0.8593598008155823,0.9012935757637024,0.0005000000237487257,0.3483927249908447,0.8770745992660522,0.7916061282157898,0.8541367053985596,0.8736984729766846,0.9970422983169556,0.6801897287368774,0.882358968257904,0.8965145349502563,0.35349148511886597
49,0.8565512299537659,0.7272659540176392,0.793039858341217,0.8841922283172607,0.9968215823173523,0.6979857087135315,0.8584334254264832,0.9010239839553833,0.0005000000237487257,0.34678342938423157,0.8581969141960144,0.4123641550540924,0.7001930475234985,0.8452946543693542,0.9970525503158569,0.6373597979545593,0.8299092650413513,0.8597182631492615,0.4035814702510834
50,0.8222231268882751,0.6334901452064514,0.7870173454284668,0.8783801794052124,0.9967978596687317,0.6903895139694214,0.8145543336868286,0.8981943130493164,0.0005000000237487257,0.36252927780151367,0.8753498196601868,0.7761300206184387,0.8877769112586975,0.831903338432312,0.9973785877227783,0.6779333353042603,0.8799192309379578,0.861993134021759,0.3480917811393738
51,0.860327422618866,0.7173043489456177,0.806693434715271,0.8877528309822083,0.9969630241394043,0.709888756275177,0.8621241450309753,0.9034132957458496,0.0005000000237487257,0.333083838224411,0.8603101968765259,0.7054194808006287,0.7389795184135437,0.8387688398361206,0.9972929954528809,0.6672678589820862,0.8570010662078857,0.8593416810035706,0.3721469044685364
52,0.8670068979263306,0.7329211235046387,0.7836095094680786,0.8809078335762024,0.996775209903717,0.7118023633956909,0.8679513931274414,0.8961921334266663,0.0005000000237487257,0.33260101079940796,0.8232468962669373,0.7322235107421875,0.7859895825386047,0.8497818112373352,0.9973018765449524,0.6353034973144531,0.8267621994018555,0.8677700757980347,0.3992181420326233
53,0.8655726313591003,0.737767219543457,0.814206063747406,0.8882381916046143,0.9969516396522522,0.711112916469574,0.869439959526062,0.9044756889343262,0.0005000000237487257,0.3304651379585266,0.8862648606300354,0.7579523324966431,0.8657697439193726,0.8700143694877625,0.9974657893180847,0.705160915851593,0.8853574991226196,0.889580249786377,0.3304157853126526
54,0.8735255599021912,0.7352260947227478,0.8055692911148071,0.8854966759681702,0.9969508051872253,0.7338838577270508,0.8730475306510925,0.9014007449150085,0.0005000000237487257,0.30973029136657715,0.8194109797477722,0.641518771648407,0.7812703251838684,0.7981532216072083,0.9974903464317322,0.6545155644416809,0.815631628036499,0.8348979949951172,0.3835657238960266
