epoch,dice_ET,dice_NETC,dice_RC,dice_SNFH,dice_bg,dice_coef,dice_tumor_core,dice_whole_tumor,learning_rate,loss,val_dice_ET,val_dice_NETC,val_dice_RC,val_dice_SNFH,val_dice_bg,val_dice_coef,val_dice_tumor_core,val_dice_whole_tumor,val_loss
0,0.0008823747630231082,0.3658283054828644,0.5847588181495667,0.06802766770124435,0.9988614320755005,0.9976639151573181,0.37160542607307434,0.3560139238834381,9.999999747378752e-05,0.010368084535002708,0.0002950249763671309,0.18724939227104187,0.28414347767829895,0.005356804467737675,0.997637927532196,0.9952659606933594,0.18210487067699432,0.15163306891918182,0.02994062379002571
1,0.0011198243591934443,0.33988702297210693,0.5875670909881592,0.05961519107222557,0.9988396167755127,0.9976241588592529,0.34348317980766296,0.3269548714160919,9.999999747378752e-05,0.00968913920223713,0.0002964882005471736,0.19432879984378815,0.2773880958557129,0.0053682452999055386,0.9976195693016052,0.99522465467453,0.1911148577928543,0.16024638712406158,0.02759774588048458
2,0.0012730774469673634,0.35065850615501404,0.6042472124099731,0.05635175481438637,0.9987781643867493,0.9974923729896545,0.3486953675746918,0.33398622274398804,9.999999747378752e-05,0.00990920327603817,0.00030097083072178066,0.20755527913570404,0.18603861331939697,0.0045701260678470135,0.9976977109909058,0.995377779006958,0.20673668384552002,0.17358411848545074,0.028345409780740738
3,0.0016336985863745213,0.36770227551460266,0.5562213063240051,0.0670853778719902,0.9988486170768738,0.9976469874382019,0.37152552604675293,0.3572148382663727,9.999999747378752e-05,0.009076517075300217,0.00030353947659023106,0.22228777408599854,0.3023713529109955,0.005178332328796387,0.9975002408027649,0.9949734210968018,0.2244843989610672,0.19283390045166016,0.025392938405275345
4,0.0019636773504316807,0.37117472290992737,0.5785950422286987,0.05343421548604965,0.9988319277763367,0.9976065754890442,0.3778040409088135,0.3613085150718689,9.999999747378752e-05,0.009105577133595943,0.00030937453266233206,0.21884474158287048,0.27449098229408264,0.004624702036380768,0.9975589513778687,0.995090663433075,0.22076092660427094,0.1886657327413559,0.025249700993299484
5,0.0019921797793358564,0.33235225081443787,0.6215967535972595,0.05574759840965271,0.9988349080085754,0.9975954294204712,0.339919775724411,0.3259395658969879,9.999999747378752e-05,0.008867387659847736,0.0003048132930416614,0.18170350790023804,0.30144351720809937,0.004538447130471468,0.9977016448974609,0.9953882694244385,0.1797461062669754,0.14933019876480103,0.026473676785826683
6,0.0022404445335268974,0.36824581027030945,0.5622825622558594,0.07113204151391983,0.9988523721694946,0.9976463913917542,0.3754277527332306,0.360265851020813,9.999999747378752e-05,0.00863274373114109,0.0003109060344286263,0.20682555437088013,0.2993953227996826,0.00553331570699811,0.9977918863296509,0.9955614805221558,0.20708279311656952,0.17337289452552795,0.025252239778637886
7,0.002630616305395961,0.3901199400424957,0.6134480834007263,0.06946537643671036,0.9988994598388672,0.9977390766143799,0.39372527599334717,0.37726664543151855,9.999999747378752e-05,0.00840066745877266,0.00032220635330304503,0.22403410077095032,0.2961210012435913,0.009126702323555946,0.9975884556770325,0.9951468110084534,0.22723403573036194,0.19415996968746185,0.024813933297991753
8,0.0018064217874780297,0.3723956346511841,0.6358451843261719,0.052114978432655334,0.9988428354263306,0.9976099133491516,0.3787822425365448,0.3617895841598511,9.999999747378752e-05,0.008935335092246532,0.00033359896042384207,0.22776515781879425,0.3187890648841858,0.008393271826207638,0.9974977970123291,0.994962751865387,0.23171696066856384,0.20004373788833618,0.02366975136101246
9,0.002723799319937825,0.34519314765930176,0.6204114556312561,0.06426366418600082,0.9989059567451477,0.997758686542511,0.3495025634765625,0.334668904542923,9.999999747378752e-05,0.008302032947540283,0.0003212082665413618,0.19627612829208374,0.2927688956260681,0.005510386079549789,0.9977947473526001,0.9955702424049377,0.19614315032958984,0.16371706128120422,0.02528294362127781
10,0.0029577810782939196,0.394584983587265,0.6106882095336914,0.05874933302402496,0.9988794326782227,0.9977023005485535,0.3929399847984314,0.376621812582016,9.999999747378752e-05,0.008660261519253254,0.0003309180319774896,0.20368407666683197,0.29208847880363464,0.00575950788334012,0.9977169036865234,0.9954118132591248,0.20499718189239502,0.17191548645496368,0.02547571249306202
11,0.003976372070610523,0.3570147454738617,0.5740818381309509,0.06768663227558136,0.9988860487937927,0.9977228045463562,0.36598914861679077,0.35118797421455383,9.999999747378752e-05,0.008369057439267635,0.0003479404840618372,0.2169523984193802,0.24845169484615326,0.009134644642472267,0.9976349472999573,0.9952405095100403,0.2199077606201172,0.18721552193164825,0.024718625470995903
12,0.0035342862829566,0.40326473116874695,0.6316601037979126,0.08184924721717834,0.9988775849342346,0.9976762533187866,0.4104394316673279,0.3955153226852417,9.999999747378752e-05,0.00856821984052658,0.0003534778079483658,0.246169775724411,0.33793339133262634,0.00810939259827137,0.9975528120994568,0.9950712323188782,0.25104498863220215,0.2166786640882492,0.02360699512064457
13,0.0044020372442901134,0.3550855219364166,0.6624691486358643,0.0795743465423584,0.9988409280776978,0.9975992441177368,0.3591099977493286,0.3473723828792572,9.999999747378752e-05,0.00851359497755766,0.00035500572994351387,0.20521362125873566,0.30613890290260315,0.005613815970718861,0.9978113174438477,0.9956001043319702,0.20701858401298523,0.17306269705295563,0.02469049021601677
14,0.005153627600520849,0.3915270268917084,0.6136255860328674,0.07442884147167206,0.9988621473312378,0.9976573586463928,0.39108794927597046,0.37614667415618896,9.999999747378752e-05,0.008385168388485909,0.0003471147210802883,0.2057272046804428,0.33993446826934814,0.006092894822359085,0.997733473777771,0.9954449534416199,0.2075662761926651,0.17349043488502502,0.025678569450974464
15,0.005698879715055227,0.43285390734672546,0.6320229172706604,0.09816542267799377,0.9989234209060669,0.9977778792381287,0.4362548589706421,0.421633243560791,9.999999747378752e-05,0.007986869663000107,0.0003500291204545647,0.2112453132867813,0.3744242191314697,0.007568176370114088,0.997723400592804,0.9954241514205933,0.21308250725269318,0.17868676781654358,0.02506614290177822
16,0.007760392501950264,0.3952363431453705,0.6262077689170837,0.08598234504461288,0.9988714456558228,0.9976685047149658,0.40440893173217773,0.3893488049507141,9.999999747378752e-05,0.008372115902602673,0.0003602710203267634,0.20212171971797943,0.32011768221855164,0.007262981031090021,0.9977363348007202,0.9954535961151123,0.20236895978450775,0.16910435259342194,0.025732479989528656
17,0.0056673819199204445,0.36732009053230286,0.6276047825813293,0.0741899311542511,0.9989439845085144,0.9978264570236206,0.3747788369655609,0.360167533159256,9.999999747378752e-05,0.007853403687477112,0.0003966354997828603,0.19951115548610687,0.2857659161090851,0.006912450306117535,0.9978781938552856,0.9957329630851746,0.20168708264827728,0.1680087298154831,0.024293454363942146
18,0.008538319729268551,0.370196670293808,0.6377958059310913,0.06587070971727371,0.9988746643066406,0.9976693391799927,0.3791664242744446,0.36276087164878845,9.999999747378752e-05,0.008496249094605446,0.000450232473667711,0.22975985705852509,0.3519843518733978,0.008205249905586243,0.9976677894592285,0.9953052401542664,0.2341119647026062,0.199161097407341,0.02390352636575699
19,0.007840195670723915,0.38831794261932373,0.6288740038871765,0.07991546392440796,0.998859703540802,0.9976509213447571,0.3874951899051666,0.3737052381038666,9.999999747378752e-05,0.008430395275354385,0.0004141417157370597,0.20594288408756256,0.32130739092826843,0.004410801455378532,0.9978175163269043,0.9956137537956238,0.2076481282711029,0.17338554561138153,0.02519252523779869
20,0.007104888558387756,0.4047542214393616,0.648672342300415,0.08060336858034134,0.9988893270492554,0.997703492641449,0.4109627604484558,0.3965996503829956,9.999999747378752e-05,0.008302840404212475,0.0004246980242896825,0.20695340633392334,0.3646484613418579,0.005691468715667725,0.9977584481239319,0.9954959750175476,0.2079651653766632,0.1746605485677719,0.02467426098883152
21,0.008645681664347649,0.39913409948349,0.6484069228172302,0.0707344338297844,0.9989545941352844,0.997852087020874,0.3991321623325348,0.3838980197906494,9.999999747378752e-05,0.00793861597776413,0.0004438581527210772,0.22601841390132904,0.4135686755180359,0.009333984926342964,0.997643232345581,0.9952583312988281,0.2289906144142151,0.19507309794425964,0.0242720115929842
22,0.010754398070275784,0.38717180490493774,0.6496304273605347,0.07279932498931885,0.9989054203033447,0.9977422952651978,0.3944549858570099,0.37938863039016724,9.999999747378752e-05,0.00798711646348238,0.0005015669157728553,0.228054940700531,0.37627261877059937,0.007943144999444485,0.9977360963821411,0.9954381585121155,0.2340296357870102,0.19899260997772217,0.02373191900551319
23,0.01723739504814148,0.4020908772945404,0.64443039894104,0.07858791202306747,0.9989965558052063,0.9979392886161804,0.408217191696167,0.393327921628952,4.999999873689376e-05,0.007414570543915033,0.0004982232348993421,0.23243623971939087,0.39306744933128357,0.010112199001014233,0.9976786375045776,0.9953264594078064,0.23648570477962494,0.2021017223596573,0.02384362742304802
24,0.02191103622317314,0.39907848834991455,0.6693503260612488,0.07578727602958679,0.9989437460899353,0.9978155493736267,0.4060761332511902,0.38913655281066895,4.999999873689376e-05,0.007643291261047125,0.0004701755824498832,0.1975465714931488,0.37424594163894653,0.007001431658864021,0.9978953003883362,0.9957685470581055,0.1992931067943573,0.16614669561386108,0.024488771334290504
25,0.014995642006397247,0.3941737115383148,0.6912661790847778,0.07699491828680038,0.9989842772483826,0.9978981018066406,0.3985038101673126,0.38233068585395813,4.999999873689376e-05,0.007538923528045416,0.0005302217905409634,0.22484250366687775,0.38595402240753174,0.008027144707739353,0.9977574944496155,0.9954856038093567,0.2284434586763382,0.1936170607805252,0.02405429445207119
26,0.021005678921937943,0.371368408203125,0.6531264185905457,0.08279889822006226,0.9989507794380188,0.9978359937667847,0.3789452910423279,0.3656293451786041,4.999999873689376e-05,0.007803852669894695,0.0005236559081822634,0.20861263573169708,0.3814985454082489,0.008785762824118137,0.9977809190750122,0.9955369234085083,0.21079927682876587,0.17776672542095184,0.024342259392142296
27,0.020573507994413376,0.4089062213897705,0.6533333659172058,0.09515930712223053,0.9990065693855286,0.9979516863822937,0.4148021340370178,0.40166398882865906,4.999999873689376e-05,0.007395298685878515,0.0005842716200277209,0.20519976317882538,0.39608487486839294,0.006353642791509628,0.9978348612785339,0.9956510663032532,0.20578962564468384,0.174770325422287,0.02337741106748581
28,0.021004775539040565,0.4152071177959442,0.6525324583053589,0.102274090051651,0.9989756345748901,0.9978819489479065,0.4234943091869354,0.4097069501876831,4.999999873689376e-05,0.0076107182539999485,0.0006034235120750964,0.2353762537240982,0.3690691590309143,0.0067872400395572186,0.9977594017982483,0.995489776134491,0.2403077781200409,0.20826351642608643,0.022776354104280472
29,0.02584354765713215,0.4188203513622284,0.636477530002594,0.09469279646873474,0.9989283084869385,0.9977837204933167,0.42561548948287964,0.4110966622829437,4.999999873689376e-05,0.007818212732672691,0.0006051489035598934,0.2424245923757553,0.40648365020751953,0.008513281121850014,0.9977439641952515,0.9954510927200317,0.24986976385116577,0.2127087414264679,0.023445134982466698
30,0.027177266776561737,0.4165022373199463,0.6639367341995239,0.07260646671056747,0.9989871978759766,0.9979084134101868,0.4226762354373932,0.4051739573478699,4.999999873689376e-05,0.00757754547521472,0.0007193931960500777,0.257017582654953,0.36108657717704773,0.010452847927808762,0.9976645708084106,0.9952837824821472,0.2655932307243347,0.23018544912338257,0.023186836391687393
31,0.022691430523991585,0.40165549516677856,0.6888694763183594,0.08130907267332077,0.9989876747131348,0.9978988766670227,0.4084336459636688,0.3930436074733734,4.999999873689376e-05,0.007521045859903097,0.0006720934179611504,0.23706422746181488,0.3971196413040161,0.009055014699697495,0.9978328943252563,0.9956291317939758,0.2442823350429535,0.2079445868730545,0.022914674133062363
32,0.03192315995693207,0.42745664715766907,0.6327905058860779,0.10240840911865234,0.9989781975746155,0.9978916049003601,0.4353858232498169,0.4207528233528137,4.999999873689376e-05,0.007369649596512318,0.0006684472900815308,0.2284000962972641,0.39049822092056274,0.009581323713064194,0.9979366660118103,0.9958416223526001,0.23328106105327606,0.19693945348262787,0.023003941401839256
33,0.03406456857919693,0.39352139830589294,0.656488299369812,0.09239945560693741,0.9989101886749268,0.9977347254753113,0.4018028676509857,0.387145072221756,4.999999873689376e-05,0.007899705320596695,0.0006558427703566849,0.21314053237438202,0.38062921166419983,0.007987870834767818,0.9977872371673584,0.9955478310585022,0.21667194366455078,0.18228654563426971,0.024846762418746948
34,0.02892686426639557,0.4041089415550232,0.701359212398529,0.09746786952018738,0.9990286827087402,0.9979831576347351,0.40952572226524353,0.39476409554481506,4.999999873689376e-05,0.007197430822998285,0.0006919932784512639,0.23546427488327026,0.38479670882225037,0.00799614004790783,0.9977988600730896,0.9955640435218811,0.24163389205932617,0.20474873483181,0.024279387667775154
35,0.033661115914583206,0.4270497262477875,0.6743813753128052,0.08613574504852295,0.9990094900131226,0.997955322265625,0.43142029643058777,0.41458597779273987,4.999999873689376e-05,0.007387201767414808,0.0008246106444858015,0.2616516351699829,0.36009177565574646,0.012179136276245117,0.9977512359619141,0.9954569935798645,0.2701670825481415,0.23340043425559998,0.022753842175006866
36,0.02543104626238346,0.4339461624622345,0.6816139221191406,0.07846587896347046,0.9989389777183533,0.9978007078170776,0.4351954758167267,0.41875049471855164,4.999999873689376e-05,0.007714400999248028,0.0006991150439716876,0.21954762935638428,0.3405616283416748,0.008217623457312584,0.99781334400177,0.9955980777740479,0.22334600985050201,0.1883537471294403,0.024923160672187805
37,0.040996916592121124,0.4247033894062042,0.6817610263824463,0.08450856804847717,0.9989774823188782,0.9978776574134827,0.4315723180770874,0.414641797542572,4.999999873689376e-05,0.007604982238262892,0.0007451161509379745,0.2272235006093979,0.3785364031791687,0.008699552156031132,0.9978126883506775,0.9955949187278748,0.2314605414867401,0.19693969190120697,0.02418125607073307
38,0.04610210657119751,0.3987889289855957,0.6554932594299316,0.07216162979602814,0.9989838600158691,0.9978989362716675,0.40648946166038513,0.3891567885875702,4.999999873689376e-05,0.007467168383300304,0.0006431048968806863,0.21016022562980652,0.3925510346889496,0.007577341049909592,0.9978137016296387,0.9956029653549194,0.2125539779663086,0.17860324680805206,0.024788448587059975
39,0.03799620643258095,0.4369106888771057,0.6582486033439636,0.09333326667547226,0.9989223480224609,0.9977676272392273,0.44203251600265503,0.4259920120239258,4.999999873689376e-05,0.007783215027302504,0.0007975612534210086,0.23116695880889893,0.3930063843727112,0.009253141470253468,0.9977566599845886,0.9954798221588135,0.23663435876369476,0.20089884102344513,0.024131543934345245
40,0.051420290023088455,0.4214952290058136,0.6536005139350891,0.09006889909505844,0.998988926410675,0.9979118704795837,0.4280240833759308,0.4123784899711609,4.999999873689376e-05,0.007491365075111389,0.0008245831704698503,0.24157042801380157,0.400964617729187,0.011438787914812565,0.9977407455444336,0.9954464435577393,0.2470080852508545,0.21117772161960602,0.023625271394848824
41,0.05448441952466965,0.4222997725009918,0.6708386540412903,0.09267305582761765,0.9989901781082153,0.997913122177124,0.43015968799591064,0.4150526225566864,4.999999873689376e-05,0.007397390436381102,0.001111198915168643,0.24895063042640686,0.39410775899887085,0.013999370858073235,0.9978132247924805,0.9955843091011047,0.2570036053657532,0.22090046107769012,0.02208268642425537
42,0.03230849653482437,0.4065226912498474,0.6711855530738831,0.09183980524539948,0.9990110993385315,0.9979543089866638,0.4102513790130615,0.3954976201057434,4.999999873689376e-05,0.0073547568172216415,0.0009605917730368674,0.2638328969478607,0.38601362705230713,0.011962194927036762,0.9976920485496521,0.9953398108482361,0.2724587321281433,0.23641981184482574,0.02298470214009285
43,0.06949696689844131,0.42572036385536194,0.6977244019508362,0.100119948387146,0.9989962577819824,0.9979107975959778,0.4352136552333832,0.41940146684646606,4.999999873689376e-05,0.007221045438200235,0.0009360877447761595,0.2349276840686798,0.39966103434562683,0.00951183307915926,0.9978126287460327,0.9955921173095703,0.24055954813957214,0.2050914764404297,0.02385595627129078
44,0.02906401827931404,0.43477222323417664,0.6818594932556152,0.1004299595952034,0.9990175366401672,0.9979712963104248,0.43502822518348694,0.42074114084243774,4.999999873689376e-05,0.0074394806288182735,0.0009809174807742238,0.2371152639389038,0.39751559495925903,0.012152375653386116,0.9978091716766357,0.9955833554267883,0.24306052923202515,0.207338348031044,0.02369515597820282
45,0.07372819632291794,0.43088439106941223,0.6410865783691406,0.0940171629190445,0.9990000128746033,0.997941255569458,0.43826401233673096,0.4225333034992218,4.999999873689376e-05,0.007260975893586874,0.0009707168792374432,0.24786320328712463,0.39606261253356934,0.01082907896488905,0.9977679252624512,0.9954968094825745,0.2552676796913147,0.2187919169664383,0.023483585566282272
46,0.09176832437515259,0.4381636679172516,0.6858686208724976,0.10268080979585648,0.9989972710609436,0.9979168176651001,0.44801121950149536,0.431971937417984,4.999999873689376e-05,0.00721840700134635,0.0011119397822767496,0.22647786140441895,0.39945489168167114,0.010100889950990677,0.9978272318840027,0.9956195950508118,0.2330356389284134,0.19825643301010132,0.023618260398507118
47,0.06422939896583557,0.42535343766212463,0.6642740368843079,0.1061481237411499,0.9990062713623047,0.9979481101036072,0.43305471539497375,0.4192272126674652,4.999999873689376e-05,0.007240680977702141,0.0011184411123394966,0.2385437786579132,0.3765212297439575,0.010565759614109993,0.9979043006896973,0.9957694411277771,0.2463938295841217,0.209391251206398,0.022668523713946342
48,0.06356669217348099,0.42840930819511414,0.6987593173980713,0.09188911318778992,0.9989938139915466,0.9979096055030823,0.43477144837379456,0.41865041851997375,4.999999873689376e-05,0.007347796577960253,0.001201676670461893,0.2365516722202301,0.42915254831314087,0.018995240330696106,0.9977502226829529,0.9954651594161987,0.241872176527977,0.20826493203639984,0.02288452722132206
49,0.031987424939870834,0.43499213457107544,0.677497148513794,0.09116312861442566,0.998950719833374,0.9978234171867371,0.4375971257686615,0.4214470386505127,4.999999873689376e-05,0.007640003226697445,0.00120895029976964,0.2591880261898041,0.39851856231689453,0.013910257257521152,0.9977498650550842,0.995452880859375,0.26913613080978394,0.23293903470039368,0.0231008417904377
50,0.05110727995634079,0.44763273000717163,0.6869881749153137,0.10332968086004257,0.9989838004112244,0.9978917241096497,0.45108240842819214,0.4361785352230072,4.999999873689376e-05,0.007527084555476904,0.0014563016593456268,0.2640455961227417,0.3972831964492798,0.013078643940389156,0.9977550506591797,0.9954636096954346,0.27387285232543945,0.23671114444732666,0.023255134001374245
51,0.06561300158500671,0.41953057050704956,0.6846561431884766,0.1035415306687355,0.999019980430603,0.9979658722877502,0.42697376012802124,0.4109465479850769,4.999999873689376e-05,0.007223888300359249,0.0012340630637481809,0.2647358477115631,0.4224853515625,0.013069458305835724,0.9977186918258667,0.9953908324241638,0.2742753326892853,0.23742929100990295,0.023174097761511803
52,0.11020626127719879,0.420261949300766,0.6686490774154663,0.11120908707380295,0.9990124106407166,0.997951865196228,0.4338854253292084,0.42056500911712646,4.999999873689376e-05,0.007102514151483774,0.001109121018089354,0.23366102576255798,0.41974693536758423,0.010052153840661049,0.997802734375,0.9955729842185974,0.23885191977024078,0.20281614363193512,0.023704098537564278
53,0.08538437634706497,0.44997885823249817,0.6712883710861206,0.10256771743297577,0.9990599751472473,0.9980614185333252,0.4568864107131958,0.4413887560367584,4.999999873689376e-05,0.0070199426263570786,0.0017370006535202265,0.24926266074180603,0.3955934941768646,0.018565760925412178,0.9977171421051025,0.9953852891921997,0.2588158845901489,0.2258835732936859,0.022361362352967262
54,0.10313907265663147,0.45977383852005005,0.6697473526000977,0.1213170662522316,0.998987078666687,0.9978980422019958,0.46886155009269714,0.45493224263191223,4.999999873689376e-05,0.00722980173304677,0.00150859949644655,0.24499563872814178,0.4286637604236603,0.0123782679438591,0.997893214225769,0.9957447052001953,0.2544800043106079,0.21813952922821045,0.02267431654036045
55,0.06244837865233421,0.46161016821861267,0.6704912781715393,0.11670459061861038,0.9990702271461487,0.9980806708335876,0.4695509374141693,0.45639768242836,4.999999873689376e-05,0.006744106765836477,0.0012313006445765495,0.24563546478748322,0.4189528822898865,0.015854990109801292,0.9978137016296387,0.9955843687057495,0.25510403513908386,0.2196144312620163,0.0236226674169302
56,0.07126051932573318,0.4310131371021271,0.6817282438278198,0.10172801464796066,0.9990407824516296,0.9980165958404541,0.437058687210083,0.42200660705566406,4.999999873689376e-05,0.007129264064133167,0.0011165934847667813,0.24176207184791565,0.45473191142082214,0.008859950117766857,0.997871458530426,0.9957082271575928,0.24828562140464783,0.21103151142597198,0.02339251898229122
57,0.09098261594772339,0.4677271544933319,0.6762333512306213,0.12523390352725983,0.999047040939331,0.9980278611183167,0.4757572114467621,0.4626031816005707,4.999999873689376e-05,0.0069680120795965195,0.0012781084515154362,0.2649060785770416,0.4482088088989258,0.01605328544974327,0.9977447390556335,0.9954430460929871,0.274762898683548,0.2374994307756424,0.023182809352874756
58,0.09790101647377014,0.4589804410934448,0.6823969483375549,0.10667460411787033,0.9989948868751526,0.997912585735321,0.46827661991119385,0.45129406452178955,4.999999873689376e-05,0.007217795122414827,0.0011748246615752578,0.23083771765232086,0.42638999223709106,0.009666326455771923,0.9978561401367188,0.9956769347190857,0.23857222497463226,0.20201797783374786,0.024434134364128113
59,0.11096613854169846,0.42113569378852844,0.7018800973892212,0.09442316740751266,0.9990388751029968,0.9980000257492065,0.4313098192214966,0.4163358807563782,4.999999873689376e-05,0.007164498325437307,0.0019230039324611425,0.25296035408973694,0.4466804265975952,0.01597367413341999,0.9977891445159912,0.9955332279205322,0.2621597945690155,0.22626306116580963,0.022218169644474983
60,0.11437272280454636,0.43718668818473816,0.7027538418769836,0.10121625661849976,0.9990711808204651,0.9980729222297668,0.44679999351501465,0.4297776222229004,4.999999873689376e-05,0.0068418048322200775,0.0021842282731086016,0.2797869145870209,0.3982976973056793,0.015020310878753662,0.9977710247039795,0.9954860806465149,0.2915487587451935,0.2549504041671753,0.022449880838394165
61,0.1323803961277008,0.4415057599544525,0.6704792976379395,0.11099857091903687,0.9990171790122986,0.9979649186134338,0.4508136808872223,0.43603551387786865,4.999999873689376e-05,0.006981615908443928,0.0014441927196457982,0.204725980758667,0.449038565158844,0.011759058572351933,0.9979652762413025,0.9959021806716919,0.2107296884059906,0.1767936795949936,0.023301564157009125
62,0.1464635580778122,0.4377959072589874,0.6883639693260193,0.10425582528114319,0.999072790145874,0.9980798959732056,0.44779980182647705,0.4328180253505707,4.999999873689376e-05,0.006941965315490961,0.002236956963315606,0.28108370304107666,0.4366462528705597,0.018586935475468636,0.9976379871368408,0.9952160716056824,0.29320091009140015,0.25922179222106934,0.02197621949017048
63,0.12112301588058472,0.44497260451316833,0.6777722835540771,0.11305376142263412,0.999046802520752,0.9980307817459106,0.45320743322372437,0.43724220991134644,4.999999873689376e-05,0.0068799955770373344,0.0019747705664485693,0.26866069436073303,0.414251446723938,0.017488088458776474,0.9977590441703796,0.9954670667648315,0.2792552709579468,0.2429511696100235,0.02255835197865963
64,0.1440444439649582,0.4477929472923279,0.6504092812538147,0.11986735463142395,0.9990542531013489,0.9980505108833313,0.45911315083503723,0.44401809573173523,4.999999873689376e-05,0.0067533571273088455,0.0014288644306361675,0.22158311307430267,0.4331430196762085,0.010740128345787525,0.9978688359260559,0.9957071542739868,0.22612343728542328,0.1908119171857834,0.02409338392317295
65,0.1561339944601059,0.4525030255317688,0.6514015793800354,0.12359930574893951,0.9990187883377075,0.9979721307754517,0.4616278111934662,0.4470434784889221,4.999999873689376e-05,0.00722244568169117,0.0022453556302934885,0.2602362036705017,0.44776713848114014,0.018536534160375595,0.9977278709411621,0.9954065084457397,0.2707795202732086,0.2365441918373108,0.02199311926960945
66,0.14034812152385712,0.4249812364578247,0.6756896376609802,0.10960674285888672,0.9989988207817078,0.9979252219200134,0.4365401864051819,0.42091113328933716,4.999999873689376e-05,0.007151666563004255,0.001522853272035718,0.2295560985803604,0.46871304512023926,0.007634887006133795,0.9979568123817444,0.9958817362785339,0.23475269973278046,0.19754266738891602,0.023476315662264824
67,0.1289949119091034,0.45951002836227417,0.688041627407074,0.12664218246936798,0.999019980430603,0.9979650974273682,0.46723616123199463,0.4531092047691345,4.999999873689376e-05,0.0070474655367434025,0.0014144100714474916,0.24949327111244202,0.43811461329460144,0.007671413943171501,0.9977951645851135,0.9955517649650574,0.25681519508361816,0.2192801684141159,0.02380322851240635
68,0.0927584245800972,0.45554643869400024,0.6609797477722168,0.12389769405126572,0.99906325340271,0.9980654120445251,0.46263113617897034,0.4498029351234436,4.999999873689376e-05,0.00681540509685874,0.0016939108027145267,0.2675181031227112,0.4456022083759308,0.011315649375319481,0.9977386593818665,0.995430052280426,0.27762189507484436,0.23976784944534302,0.023261286318302155
69,0.15074600279331207,0.45160380005836487,0.6993632316589355,0.11022862792015076,0.9990191459655762,0.9979609251022339,0.4622795879840851,0.44541043043136597,4.999999873689376e-05,0.007012463640421629,0.001764031476341188,0.22309759259223938,0.3920227587223053,0.010174153372645378,0.997920572757721,0.9958081841468811,0.22922664880752563,0.19336001574993134,0.02382296323776245
70,0.12183693796396255,0.44136863946914673,0.6993185877799988,0.12880408763885498,0.9990631937980652,0.9980497360229492,0.4516279697418213,0.43970683217048645,4.999999873689376e-05,0.0069078681990504265,0.0029079436790198088,0.29165560007095337,0.4094247817993164,0.02154928632080555,0.9976773858070374,0.9952864050865173,0.30673131346702576,0.2724294066429138,0.022214477881789207
71,0.14041753113269806,0.45427513122558594,0.6977800130844116,0.12676197290420532,0.9990285634994507,0.9979776740074158,0.46435603499412537,0.4515196681022644,4.999999873689376e-05,0.007011184003204107,0.0020830905996263027,0.26170477271080017,0.43550780415534973,0.014766912907361984,0.9978299140930176,0.9956161975860596,0.27045175433158875,0.23196975886821747,0.023365339264273643
72,0.1552899330854416,0.44661691784858704,0.6759781241416931,0.1276433765888214,0.9990779757499695,0.9980968236923218,0.45513981580734253,0.4418989419937134,4.999999873689376e-05,0.0066137840040028095,0.0020767832174897194,0.23659031093120575,0.34839165210723877,0.012269804254174232,0.9979482293128967,0.9958576560020447,0.24425329267978668,0.2072630077600479,0.02303530089557171
73,0.15961933135986328,0.44820109009742737,0.6830763220787048,0.10884539037942886,0.9990165829658508,0.9979590177536011,0.45761165022850037,0.4425424635410309,4.999999873689376e-05,0.0072229471988976,0.0022223542910069227,0.2397097498178482,0.44249504804611206,0.013867742381989956,0.9978693127632141,0.9956995844841003,0.24741141498088837,0.21123071014881134,0.02316099777817726
74,0.12316876649856567,0.4778069853782654,0.6893305778503418,0.11252793669700623,0.9990478157997131,0.9980244040489197,0.48541873693466187,0.47041991353034973,4.999999873689376e-05,0.006890605203807354,0.002360057085752487,0.2570076584815979,0.42757558822631836,0.017873860895633698,0.9978205561637878,0.995596706867218,0.2661565840244293,0.2288694530725479,0.023297598585486412
75,0.17743843793869019,0.45407983660697937,0.684514582157135,0.13956224918365479,0.9990420937538147,0.9980083107948303,0.46533912420272827,0.4514434337615967,4.999999873689376e-05,0.00690574012696743,0.001811792841181159,0.27060598134994507,0.4286072850227356,0.012617573142051697,0.9977664947509766,0.995484471321106,0.2818777561187744,0.2431723177433014,0.023732667788863182
76,0.15642328560352325,0.44323280453681946,0.6991608142852783,0.12042892724275589,0.9989811778068542,0.9978777170181274,0.453060507774353,0.4399332106113434,4.999999873689376e-05,0.007361455820500851,0.0027390343602746725,0.27368202805519104,0.4023672342300415,0.012518972158432007,0.9977577328681946,0.9954625964164734,0.28459304571151733,0.24758104979991913,0.02287171594798565
77,0.16130287945270538,0.45057544112205505,0.6815462708473206,0.10574919730424881,0.9990650415420532,0.9980682730674744,0.4596576690673828,0.44440871477127075,4.999999873689376e-05,0.006805066950619221,0.002817664062604308,0.2470056414604187,0.40686750411987305,0.016372594982385635,0.9978039264678955,0.995559573173523,0.25771576166152954,0.22279462218284607,0.022824110463261604
78,0.18345734477043152,0.46353912353515625,0.6769663095474243,0.10833175480365753,0.9990631341934204,0.9980631470680237,0.4737708866596222,0.4581642150878906,4.999999873689376e-05,0.0068014138378202915,0.003064220305532217,0.23381206393241882,0.43664422631263733,0.013913891278207302,0.9978861212730408,0.9957398176193237,0.23897048830986023,0.20620493590831757,0.022040827199816704
79,0.1379670649766922,0.47642195224761963,0.6866992115974426,0.13278493285179138,0.9990464448928833,0.998019814491272,0.4854471683502197,0.4720050096511841,4.999999873689376e-05,0.006806779652833939,0.002396535826846957,0.2537965178489685,0.4152342677116394,0.01860964670777321,0.9979040026664734,0.9957664012908936,0.26174601912498474,0.22416818141937256,0.02297918125987053
80,0.20402401685714722,0.47870850563049316,0.6892420053482056,0.13296854496002197,0.999075174331665,0.9980854392051697,0.48905718326568604,0.4733661115169525,4.999999873689376e-05,0.0066786883398890495,0.0020607891492545605,0.22344955801963806,0.4273959696292877,0.014503956772387028,0.9979612827301025,0.9958900213241577,0.22951026260852814,0.19397705793380737,0.02375894784927368
81,0.1919434666633606,0.45947518944740295,0.6938740611076355,0.14093780517578125,0.9991045594215393,0.9981433749198914,0.46995776891708374,0.4567265510559082,2.499999936844688e-05,0.0065470789559185505,0.0025685110595077276,0.26488959789276123,0.4429001808166504,0.017614416778087616,0.9978185296058655,0.9955910444259644,0.27405622601509094,0.23652233183383942,0.023240171372890472
82,0.20918050408363342,0.4610710144042969,0.6819615364074707,0.1351715624332428,0.9990425109863281,0.9980145692825317,0.4723382294178009,0.45880448818206787,2.499999936844688e-05,0.006792112253606319,0.002315592486411333,0.24987804889678955,0.4415431618690491,0.016144851222634315,0.9978454113006592,0.9956516027450562,0.25718122720718384,0.2199900895357132,0.023627644404768944
83,0.21499626338481903,0.46202999353408813,0.6571351289749146,0.14215902984142303,0.999122142791748,0.9981944561004639,0.4721909761428833,0.45907193422317505,2.499999936844688e-05,0.006487151607871056,0.002200221875682473,0.25580495595932007,0.4126020669937134,0.013181825168430805,0.9978708624839783,0.9957007765769958,0.26430174708366394,0.226365327835083,0.02341066114604473
84,0.1659330278635025,0.4508548676967621,0.6841933131217957,0.12298959493637085,0.9990730285644531,0.998084306716919,0.46024367213249207,0.44580239057540894,2.499999936844688e-05,0.006606316659599543,0.002925644628703594,0.37885451316833496,0.445963978767395,0.04147041589021683,0.9986936450004578,0.997368574142456,0.38637998700141907,0.36859023571014404,0.009884997271001339
85,0.14080987870693207,0.45173195004463196,0.7027630805969238,0.1132800430059433,0.9990735650062561,0.9980794787406921,0.45957425236701965,0.4436403810977936,2.499999936844688e-05,0.00667241495102644,0.0027281283400952816,0.2391301393508911,0.44303151965141296,0.01435920875519514,0.9978381991386414,0.9956338405609131,0.24874374270439148,0.21266549825668335,0.023867350071668625
86,0.22698616981506348,0.484618604183197,0.671967089176178,0.12756840884685516,0.9990807771682739,0.9981001615524292,0.49419528245925903,0.47818511724472046,2.499999936844688e-05,0.006731403525918722,0.00346561660990119,0.27749091386795044,0.47292304039001465,0.020337026566267014,0.9979307651519775,0.9958059787750244,0.2890489101409912,0.25034579634666443,0.0218318160623312
87,0.21329978108406067,0.447023868560791,0.697572648525238,0.1310945302248001,0.9990745782852173,0.9980836510658264,0.45812928676605225,0.44489240646362305,2.499999936844688e-05,0.006629634648561478,0.0032744091004133224,0.25825703144073486,0.4357946813106537,0.018701277673244476,0.9979130625724792,0.9957773685455322,0.2691372334957123,0.2331918478012085,0.021794980391860008
88,0.1906202733516693,0.46850016713142395,0.7145089507102966,0.12742681801319122,0.9990617632865906,0.998045802116394,0.4788479208946228,0.4637174904346466,2.499999936844688e-05,0.006744060665369034,0.003286740742623806,0.25449731945991516,0.44826972484588623,0.017829183489084244,0.9978136420249939,0.9955828189849854,0.2632855474948883,0.22672535479068756,0.022903280332684517
89,0.16687484085559845,0.4499180316925049,0.6660102605819702,0.13292992115020752,0.999029815196991,0.9979935884475708,0.45946672558784485,0.4466736912727356,2.499999936844688e-05,0.0069240848533809185,0.0028033817652612925,0.3717692792415619,0.4606015086174011,0.040984053164720535,0.9987959861755371,0.9975744485855103,0.3796634376049042,0.36082181334495544,0.00906631350517273
90,0.17266298830509186,0.48457133769989014,0.7043140530586243,0.13724885880947113,0.9990905523300171,0.998112678527832,0.4935738444328308,0.47934690117836,2.499999936844688e-05,0.006540995091199875,0.00244632875546813,0.26947370171546936,0.4400278329849243,0.015001248568296432,0.9978464245796204,0.9956436157226562,0.2801133394241333,0.2413778305053711,0.02337547391653061
91,0.21747368574142456,0.4686046242713928,0.7011493444442749,0.13667303323745728,0.9991018176078796,0.9981403350830078,0.4793654978275299,0.464878648519516,2.499999936844688e-05,0.006402282044291496,0.0026314430870115757,0.2609230577945709,0.43445056676864624,0.01671018823981285,0.9978975057601929,0.9957494139671326,0.2702430188655853,0.23193824291229248,0.023031005635857582
92,0.14914754033088684,0.47336140275001526,0.7057393193244934,0.1250145435333252,0.9990711808204651,0.9980725646018982,0.47892171144485474,0.46489429473876953,2.499999936844688e-05,0.0067467340268194675,0.003075655549764633,0.2609807252883911,0.44672080874443054,0.0189567431807518,0.9978255033493042,0.9956045150756836,0.2699809968471527,0.23316510021686554,0.022937899455428123
93,0.20306365191936493,0.4467311203479767,0.7248178124427795,0.1466548591852188,0.9990984201431274,0.9981223344802856,0.45769327878952026,0.44549211859703064,2.499999936844688e-05,0.006506344303488731,0.002774304011836648,0.2769591212272644,0.43371692299842834,0.014861459843814373,0.9978492259979248,0.9956461787223816,0.2881429195404053,0.24937383830547333,0.023221878334879875
94,0.20999890565872192,0.45770004391670227,0.7211892008781433,0.12596501410007477,0.999103844165802,0.9981361627578735,0.46801623702049255,0.45317837595939636,2.499999936844688e-05,0.0065642427653074265,0.0027870216872543097,0.27861830592155457,0.44025924801826477,0.017464958131313324,0.997810959815979,0.9955693483352661,0.28955140709877014,0.2514958381652832,0.022888023406267166
95,0.2414272576570511,0.46409204602241516,0.7052559852600098,0.14565138518810272,0.9990991353988647,0.9981306791305542,0.47706738114356995,0.46483927965164185,1.249999968422344e-05,0.006408832035958767,0.0030203701462596655,0.2702808976173401,0.44215503334999084,0.01852014660835266,0.9978612065315247,0.9956754446029663,0.2797752618789673,0.24107114970684052,0.022832496091723442
96,0.2244616001844406,0.48532038927078247,0.6946907639503479,0.14103884994983673,0.9991011023521423,0.9981392621994019,0.49621525406837463,0.4822891652584076,1.249999968422344e-05,0.006491499021649361,0.00318329269066453,0.2722064256668091,0.4326024651527405,0.01847195066511631,0.9978184103965759,0.9955862164497375,0.2828351557254791,0.24502351880073547,0.022892801091074944
97,0.23254695534706116,0.46423232555389404,0.683098316192627,0.13268305361270905,0.9990805983543396,0.9981017708778381,0.4761239290237427,0.4630729854106903,1.249999968422344e-05,0.006490541156381369,0.0028513832949101925,0.25382000207901,0.43562421202659607,0.016092298552393913,0.9978688955307007,0.9956933856010437,0.2629678547382355,0.22557894885540009,0.0231946874409914
98,0.20769625902175903,0.4696861207485199,0.696403980255127,0.12449698895215988,0.9990911483764648,0.9981168508529663,0.4808342754840851,0.4651985466480255,1.249999968422344e-05,0.0065854936838150024,0.002725482452660799,0.2545531690120697,0.4464344084262848,0.016426993533968925,0.997835636138916,0.9956264495849609,0.2645708918571472,0.22756478190422058,0.023139653727412224
99,0.15161509811878204,0.45322608947753906,0.7167293429374695,0.11115237325429916,0.999074399471283,0.9980801343917847,0.45978423953056335,0.44371268153190613,1.249999968422344e-05,0.006693982984870672,0.002639338606968522,0.26387059688568115,0.4369034767150879,0.01564701832830906,0.997845470905304,0.9956453442573547,0.2728520929813385,0.23458853363990784,0.02326197549700737
